1.00798e-18 4.05698e+17 0.00624936
1.0099e-18 4.05698e+17 0.006234
1.04071e-19 4.05698e+17 0.0834169
1.04213e-19 4.05698e+17 0.109571
1.04355e-18 4.05698e+17 0.00597526
1.07232e-19 4.05698e+17 0.0923914
1.08082e-19 4.05698e+17 0.0978925
1.08752e-18 4.05698e+17 0.00566202
1.0902e-18 4.05698e+17 0.00564376
1.10025e-19 4.05698e+17 0.0805272
1.11059e-19 4.05698e+17 0.079785
1.15311e-19 4.05698e+17 0.0819966
1.15861e-18 4.05698e+17 0.00520651
1.18998e-18 4.05698e+17 0.0050236
1.19553e-19 4.05698e+17 0.0787989
1.20284e-19 4.05698e+17 0.0842463
1.22641e-18 4.05698e+17 0.00482412
1.24572e-18 4.05698e+17 0.00472391
1.27134e-18 4.05698e+17 0.00459665
1.29411e-19 4.05698e+17 0.0829937
1.30003e-19 4.05698e+17 0.660197
1.30971e-18 4.05698e+17 0.00441787
1.32426e-19 4.05698e+17 0.0933347
1.34919e-18 4.05698e+17 0.0042475
1.35354e-19 4.05698e+17 0.122752
1.35844e-18 4.05698e+17 0.00420937
1.40406e-18 4.05698e+17 0.00402991
1.4151e-19 4.05698e+17 0.0774796
1.44008e-19 4.05698e+17 0.0756429
1.46669e-19 4.05698e+17 0.0738107
1.486e-18 4.05698e+17 0.00373811
1.50547e-19 4.05698e+17 0.0712904
1.54094e-19 4.05698e+17 0.0691311
1.55068e-19 4.05698e+17 0.0685607
1.5873e-18 4.05698e+17 0.00342018
1.62615e-19 4.05698e+17 0.0644315
1.63721e-19 4.05698e+17 0.0638652
1.63994e-19 4.05698e+17 0.0637269
1.64381e-19 4.05698e+17 0.0635321
1.65688e-19 4.05698e+17 0.0628809
1.68093e-20 4.05698e+17 0.57618
1.69031e-19 4.05698e+17 0.061269
1.74303e-20 4.05698e+17 0.500778
1.77914e-18 4.05698e+17 0.00292034
1.80843e-18 4.05698e+17 0.0028548
1.81966e-18 4.05698e+17 0.00283043
1.85358e-18 4.05698e+17 0.00275917
1.85987e-18 4.05698e+17 0.00274634
1.88383e-19 4.05698e+17 0.0531801
1.88522e-20 4.05698e+17 0.849097
1.89866e-20 4.05698e+17 0.576701
1.92997e-18 4.05698e+17 0.00261027
1.93141e-19 4.05698e+17 0.0514626
1.93507e-19 4.05698e+17 0.0513344
1.93685e-18 4.05698e+17 0.00259753
1.94001e-19 4.05698e+17 0.0511624
1.94101e-20 4.05698e+17 0.811808
1.9413e-19 4.05698e+17 0.0511176
1.95797e-19 4.05698e+17 0.0505449
1.96556e-20 4.05698e+17 4.92185
1.96939e-20 4.05698e+17 5.4069
1.974e-20 4.05698e+17 0.840871
1.98542e-20 4.05698e+17 0.496316
1.99644e-20 4.05698e+17 2.39744
2.01034e-19 4.05698e+17 0.0488192
2.04064e-20 4.05698e+17 2.39049
2.04087e-18 4.05698e+17 0.00241641
2.04578e-20 4.05698e+17 0.745775
2.04808e-20 4.05698e+17 3.85085
2.04962e-20 4.05698e+17 3.99405
2.05652e-20 4.05698e+17 9.50205
2.06548e-19 4.05698e+17 0.0471176
2.06723e-20 4.05698e+17 4.3249
2.07048e-20 4.05698e+17 0.681851
2.07686e-20 4.05698e+17 4.60585
2.07713e-20 4.05698e+17 0.492458
2.08522e-20 4.05698e+17 4.84975
2.08942e-19 4.05698e+17 0.0464149
2.09033e-20 4.05698e+17 3.20902
2.09097e-20 4.05698e+17 0.632811
2.09767e-20 4.05698e+17 0.857546
2.10129e-20 4.05698e+17 3.70437
2.11095e-20 4.05698e+17 5.36117
2.11415e-20 4.05698e+17 0.586345
2.12165e-20 4.05698e+17 5.02542
2.12571e-20 4.05698e+17 4.47158
2.12594e-18 4.05698e+17 2.64146e-05
2.12712e-20 4.05698e+17 0.601224
2.13088e-20 4.05698e+17 0.529221
2.1374e-18 4.05698e+17 0.00226427
2.14247e-20 4.05698e+17 0.70586
2.14482e-20 4.05698e+17 4.72285
2.1644e-19 4.05698e+17 0.0443483
2.16901e-20 4.05698e+17 2.69005
2.17e-20 4.05698e+17 0.785654
2.18106e-20 4.05698e+17 0.561154
2.18203e-20 4.05698e+17 0.821252
2.18299e-20 4.05698e+17 1.56347
2.18533e-20 4.05698e+17 7.79525
2.20206e-20 4.05698e+17 4.87394
2.20327e-20 4.05698e+17 2.09047
2.20533e-20 4.05698e+17 2.08948
2.21019e-20 4.05698e+17 0.857575
2.21087e-20 4.05698e+17 5.9667
2.21401e-19 4.05698e+17 0.0430858
2.22061e-20 4.05698e+17 1.05182
2.22592e-20 4.05698e+17 0.537052
2.22925e-20 4.05698e+17 1.31108
2.2334e-20 4.05698e+17 1.62262
2.23374e-20 4.05698e+17 0.466359
2.2543e-20 4.05698e+17 5.2016
2.25456e-20 4.05698e+17 4.42054
2.25474e-20 4.05698e+17 0.583771
2.25521e-20 4.05698e+17 3.85644
2.25645e-18 4.05698e+17 0.00209385
2.25973e-19 4.05698e+17 0.0419867
2.26567e-18 4.05698e+17 0.00208139
2.27031e-20 4.05698e+17 7.01488
2.27423e-20 4.05698e+17 0.518754
2.2825e-20 4.05698e+17 3.01631
2.29457e-20 4.05698e+17 0.489631
2.29588e-19 4.05698e+17 0.0411562
2.30396e-20 4.05698e+17 0.904582
2.30783e-20 4.05698e+17 0.672425
2.30943e-20 4.05698e+17 4.51167
2.31286e-20 4.05698e+17 2.31349
2.313e-20 4.05698e+17 2.6491
2.31329e-20 4.05698e+17 1.76338
2.32626e-19 4.05698e+17 0.0404823
2.32953e-19 4.05698e+17 0.0404112
2.32972e-20 4.05698e+17 3.38311
2.33056e-20 4.05698e+17 0.929707
2.33509e-20 4.05698e+17 5.58403
2.33645e-20 4.05698e+17 4.00704
2.33814e-18 4.05698e+17 0.00198709
2.33959e-20 4.05698e+17 7.15981
2.33993e-18 4.05698e+17 0.00198484
2.34405e-20 4.05698e+17 1.78802
2.35707e-20 4.05698e+17 2.56143
2.35819e-20 4.05698e+17 0.831238
2.35866e-20 4.05698e+17 0.522359
2.36548e-20 4.05698e+17 1.44954
2.36758e-20 4.05698e+17 5.92642
2.36971e-20 4.05698e+17 2.25139
2.37087e-19 4.05698e+17 0.0395293
2.37286e-19 4.05698e+17 0.0394877
2.37637e-20 4.05698e+17 9.50205
2.37655e-20 4.05698e+17 2.69099
2.37752e-20 4.05698e+17 9.50205
2.37859e-18 4.05698e+17 0.0019372
2.38273e-20 4.05698e+17 4.14848
2.38758e-20 4.05698e+17 0.538107
2.39099e-20 4.05698e+17 4.18236
2.39426e-20 4.05698e+17 0.483157
2.39779e-20 4.05698e+17 4.68275
2.40141e-19 4.05698e+17 0.0388996
2.40144e-20 4.05698e+17 4.86996
2.40695e-20 4.05698e+17 2.13008
2.41049e-20 4.05698e+17 4.80416
2.41152e-20 4.05698e+17 8.38368
2.43053e-20 4.05698e+17 2.46538
2.43777e-20 4.05698e+17 0.505044
2.44105e-20 4.05698e+17 2.28771
2.44414e-20 4.05698e+17 0.68285
2.44719e-20 4.05698e+17 5.7924
2.44912e-20 4.05698e+17 4.15613
2.44978e-20 4.05698e+17 4.27916
2.4508e-20 4.05698e+17 9.32247
2.45283e-20 4.05698e+17 2.25555
2.45678e-20 4.05698e+17 3.17536
2.45987e-20 4.05698e+17 4.85448
2.46185e-20 4.05698e+17 1.73677
2.46425e-20 4.05698e+17 4.71566
2.46617e-20 4.05698e+17 4.35972
2.47041e-20 4.05698e+17 1.5686
2.47219e-19 4.05698e+17 0.0375056
2.47286e-20 4.05698e+17 1.05761
2.47934e-20 4.05698e+17 0.532446
2.48003e-20 4.05698e+17 2.16684
2.48204e-20 4.05698e+17 5.22984
2.48728e-20 4.05698e+17 1.9414
2.50269e-20 4.05698e+17 4.2472
2.50753e-19 4.05698e+17 0.0368409
2.51048e-20 4.05698e+17 1.0811
2.51575e-20 4.05698e+17 6.52471
2.52053e-20 4.05698e+17 2.55935
2.52467e-20 4.05698e+17 0.55397
2.52524e-20 4.05698e+17 6.86259
2.52562e-20 4.05698e+17 0.770937
2.52844e-20 4.05698e+17 1.61019
2.52948e-20 4.05698e+17 6.25215
2.53647e-20 4.05698e+17 0.789581
2.54109e-20 4.05698e+17 5.04415
2.55083e-20 4.05698e+17 0.626793
2.55202e-20 4.05698e+17 2.47287
2.55255e-20 4.05698e+17 1.11726
2.56034e-20 4.05698e+17 1.74372
2.56106e-20 4.05698e+17 1.37452
2.56529e-19 4.05698e+17 0.0357949
2.57241e-19 4.05698e+17 0.0356692
2.57421e-20 4.05698e+17 0.545935
2.58209e-20 4.05698e+17 1.95853
2.58699e-20 4.05698e+17 1.37406
2.59046e-20 4.05698e+17 1.20181
2.59223e-20 4.05698e+17 0.870496
2.59268e-20 4.05698e+17 4.50607
2.59747e-20 4.05698e+17 7.40874
2.59967e-20 4.05698e+17 6.71422
2.5997e-20 4.05698e+17 0.550402
2.60362e-20 4.05698e+17 9.50205
2.60909e-20 4.05698e+17 0.416709
2.61205e-20 4.05698e+17 0.368761
2.61294e-20 4.05698e+17 2.08817
2.61672e-20 4.05698e+17 9.50205
2.62287e-20 4.05698e+17 1.91288
2.62355e-20 4.05698e+17 9.36604
2.62359e-18 4.05698e+17 0.00167363
2.62589e-19 4.05698e+17 0.0347471
2.62651e-20 4.05698e+17 7.05719
2.63048e-20 4.05698e+17 9.30429
2.63582e-19 4.05698e+17 0.0345801
2.63821e-18 4.05698e+17 0.00165975
2.64221e-20 4.05698e+17 0.507433
2.64845e-20 4.05698e+17 1.51151
2.65558e-20 4.05698e+17 0.618983
2.6557e-20 4.05698e+17 2.67623
2.65716e-20 4.05698e+17 6.87646
2.65795e-20 4.05698e+17 0.903304
2.6759e-19 4.05698e+17 0.0339184
2.67889e-20 4.05698e+17 9.32138
2.68271e-20 4.05698e+17 7.46248
2.68737e-20 4.05698e+17 0.514868
2.68836e-20 4.05698e+17 3.5452
2.7176e-20 4.05698e+17 3.07806
2.71857e-20 4.05698e+17 0.945062
2.72037e-20 4.05698e+17 8.14664
2.72398e-20 4.05698e+17 0.737732
2.73097e-19 4.05698e+17 0.0330424
2.73357e-20 4.05698e+17 0.530408
2.73424e-20 4.05698e+17 9.32747
2.73859e-20 4.05698e+17 4.71255
2.7466e-20 4.05698e+17 1.43373
2.75488e-20 4.05698e+17 0.779608
2.76716e-18 4.05698e+17 0.00154403
2.77342e-20 4.05698e+17 6.59712
2.77491e-20 4.05698e+17 0.321506
2.78848e-20 4.05698e+17 0.694828
2.79045e-20 4.05698e+17 0.49013
2.79947e-19 4.05698e+17 0.0320038
2.80172e-19 4.05698e+17 0.0319707
2.80849e-20 4.05698e+17 0.609867
2.81047e-20 4.05698e+17 0.570837
2.81497e-19 4.05698e+17 0.0317765
2.82279e-20 4.05698e+17 1.03232
2.82313e-20 4.05698e+17 0.41132
2.82569e-20 4.05698e+17 2.02321
2.84157e-20 4.05698e+17 1.05296
2.85698e-20 4.05698e+17 0.445602
2.85766e-20 4.05698e+17 4.26655
2.85818e-20 4.05698e+17 0.968552
2.86384e-20 4.05698e+17 0.56773
2.87608e-20 4.05698e+17 1.30414
2.87709e-20 4.05698e+17 0.648367
2.87928e-19 4.05698e+17 0.0308624
2.88936e-20 4.05698e+17 0.413449
2.89398e-19 4.05698e+17 0.0306601
2.89615e-20 4.05698e+17 5.23371
2.90615e-20 4.05698e+17 5.66974
2.90687e-20 4.05698e+17 0.533042
2.91223e-20 4.05698e+17 9.2787
2.93835e-20 4.05698e+17 0.374863
2.95951e-20 4.05698e+17 4.62365
2.96047e-20 4.05698e+17 3.42172
2.96372e-20 4.05698e+17 0.455853
2.96412e-20 4.05698e+17 7.56983
2.96554e-20 4.05698e+17 0.657305
2.97021e-20 4.05698e+17 0.434999
2.97035e-20 4.05698e+17 0.48281
2.97906e-20 4.05698e+17 1.70477
2.97962e-20 4.05698e+17 0.84248
2.98137e-20 4.05698e+17 9.29793
2.98343e-20 4.05698e+17 0.392042
2.98803e-20 4.05698e+17 3.36572
2.99779e-20 4.05698e+17 0.502703
3.00251e-20 4.05698e+17 7.4744
3.00843e-18 4.05698e+17 0.00135368
3.01812e-20 4.05698e+17 0.271718
3.02781e-20 4.05698e+17 9.50205
3.04011e-20 4.05698e+17 3.72944
3.05176e-20 4.05698e+17 0.323149
3.07444e-20 4.05698e+17 0.77196
3.07471e-20 4.05698e+17 1.21718
3.07698e-20 4.05698e+17 1.1346
3.08605e-20 4.05698e+17 0.817088
3.09308e-20 4.05698e+17 7.3479
3.09739e-19 4.05698e+17 0.0281023
3.10433e-20 4.05698e+17 8.56004
3.11132e-20 4.05698e+17 0.536638
3.11166e-20 4.05698e+17 1.65902
3.11918e-20 4.05698e+17 0.53172
3.12105e-20 4.05698e+17 2.90013
3.12602e-20 4.05698e+17 0.430818
3.14407e-19 4.05698e+17 0.0275762
3.15752e-20 4.05698e+17 0.359325
3.16882e-20 4.05698e+17 0.485094
3.17771e-19 4.05698e+17 0.0272095
3.17923e-20 4.05698e+17 0.516414
3.21132e-20 4.05698e+17 0.644239
3.21465e-20 4.05698e+17 5.02109
3.22339e-19 4.05698e+17 0.0267272
3.22758e-20 4.05698e+17 3.23917
3.23132e-19 4.05698e+17 0.0266452
3.23898e-18 4.05698e+17 0.00119717
3.24909e-20 4.05698e+17 5.19192
3.26004e-20 4.05698e+17 9.50205
3.26046e-20 4.05698e+17 1.35468
3.26517e-20 4.05698e+17 0.374258
3.2661e-20 4.05698e+17 0.594971
3.26931e-20 4.05698e+17 4.52863
3.27048e-20 4.05698e+17 5.7521
3.27533e-20 4.05698e+17 1.13737
3.27605e-20 4.05698e+17 0.613827
3.28335e-20 4.05698e+17 0.990404
3.28437e-20 4.05698e+17 6.16067
3.3371e-20 4.05698e+17 1.87578
3.33807e-20 4.05698e+17 0.385591
3.33861e-19 4.05698e+17 0.0255817
3.35388e-20 4.05698e+17 5.25481
3.39932e-20 4.05698e+17 0.452126
3.40421e-18 4.05698e+17 0.0010991
3.42734e-20 4.05698e+17 0.283481
3.44212e-20 4.05698e+17 0.468358
3.45188e-19 4.05698e+17 0.02454
3.45259e-20 4.05698e+17 0.886737
3.45421e-20 4.05698e+17 0.663169
3.47016e-20 4.05698e+17 2.25846
3.50643e-20 4.05698e+17 0.261327
3.51572e-20 4.05698e+17 0.300502
3.51615e-20 4.05698e+17 3.89577
3.51793e-20 4.05698e+17 0.476191
3.518e-20 4.05698e+17 0.310601
3.52151e-20 4.05698e+17 0.603632
3.53085e-20 4.05698e+17 0.308385
3.54116e-20 4.05698e+17 5.50634
3.55731e-20 4.05698e+17 2.98059
3.55826e-19 4.05698e+17 0.0236264
3.56002e-20 4.05698e+17 0.239398
3.57269e-20 4.05698e+17 0.307952
3.57784e-20 4.05698e+17 1.38628
3.58465e-20 4.05698e+17 0.622536
3.61875e-20 4.05698e+17 2.53299
3.65833e-20 4.05698e+17 0.722746
3.68054e-20 4.05698e+17 2.50423
3.6876e-20 4.05698e+17 0.407299
3.6923e-20 4.05698e+17 0.364849
3.70606e-20 4.05698e+17 0.241948
3.71961e-20 4.05698e+17 0.567338
3.80621e-19 4.05698e+17 0.021699
3.81681e-18 4.05698e+17 0.000896384
3.82011e-18 4.05698e+17 0.000894942
3.86845e-20 4.05698e+17 0.341306
3.89366e-20 4.05698e+17 0.220974
3.89456e-20 4.05698e+17 0.328404
3.92708e-20 4.05698e+17 0.314665
3.93114e-20 4.05698e+17 0.259676
3.95367e-20 4.05698e+17 0.263204
3.95378e-20 4.05698e+17 0.357052
4.00689e-20 4.05698e+17 2.98813
4.04296e-20 4.05698e+17 0.237914
4.06192e-20 4.05698e+17 0.256689
4.088e-20 4.05698e+17 0.316741
4.0995e-20 4.05698e+17 0.802504
4.11952e-19 4.05698e+17 0.0196041
4.12074e-19 4.05698e+17 0.0195966
4.14954e-18 4.05698e+17 0.000760675
4.17112e-20 4.05698e+17 0.215872
4.18676e-20 4.05698e+17 0.19207
4.19671e-20 4.05698e+17 0.290759
4.28295e-20 4.05698e+17 0.52124
4.30963e-20 4.05698e+17 0.779448
4.31953e-20 4.05698e+17 0.370906
4.32471e-20 4.05698e+17 0.204317
4.36214e-20 4.05698e+17 0.153786
4.37205e-18 4.05698e+17 0.000679693
4.37803e-20 4.05698e+17 0.690877
4.37965e-19 4.05698e+17 0.0181225
4.39969e-20 4.05698e+17 0.237729
4.41029e-20 4.05698e+17 0.184539
4.44927e-19 4.05698e+17 0.0177624
4.46854e-19 4.05698e+17 0.0176654
4.50313e-20 4.05698e+17 0.18071
4.52495e-20 4.05698e+17 0.164961
4.53629e-20 4.05698e+17 0.267256
4.54453e-19 4.05698e+17 0.0172929
4.60436e-20 4.05698e+17 0.223682
4.61295e-20 4.05698e+17 0.749369
4.64889e-20 4.05698e+17 0.152611
4.67044e-20 4.05698e+17 0.16329
4.67084e-20 4.05698e+17 0.274184
4.68741e-20 4.05698e+17 0.43876
4.72715e-20 4.05698e+17 0.195034
4.72978e-19 4.05698e+17 0.0164467
4.75208e-20 4.05698e+17 0.235885
4.75216e-20 4.05698e+17 0.151104
4.77093e-20 4.05698e+17 0.163421
4.83045e-19 4.05698e+17 0.0160186
4.84541e-20 4.05698e+17 0.183322
4.92086e-20 4.05698e+17 0.198528
4.9643e-20 4.05698e+17 0.34142
4.9907e-18 4.05698e+17 0.000158051
5.02178e-18 4.05698e+17 0.000466978
5.08227e-20 4.05698e+17 0.185616
5.08492e-20 4.05698e+17 0.146138
5.10037e-19 4.05698e+17 0.014961
5.1272e-20 4.05698e+17 0.185469
5.13993e-18 4.05698e+17 0.000427319
5.14777e-20 4.05698e+17 0.250748
5.20455e-20 4.05698e+17 0.243031
5.20568e-19 4.05698e+17 0.0145793
5.20585e-18 4.05698e+17 0.000185395
5.21768e-20 4.05698e+17 0.133515
5.25411e-20 4.05698e+17 0.136035
5.27504e-20 4.05698e+17 0.775904
5.29109e-19 4.05698e+17 0.014281
5.31316e-20 4.05698e+17 0.191645
5.33974e-20 4.05698e+17 0.351152
5.36046e-18 4.05698e+17 0.000339068
5.3977e-19 4.05698e+17 0.0139215
5.42198e-19 4.05698e+17 0.0138416
5.43303e-18 4.05698e+17 0.000260591
5.47983e-20 4.05698e+17 0.138924
5.48578e-20 4.05698e+17 0.123946
5.55266e-20 4.05698e+17 0.130226
5.64233e-20 4.05698e+17 0.156502
5.6436e-19 4.05698e+17 0.0131442
5.65557e-20 4.05698e+17 0.157857
5.69045e-19 4.05698e+17 0.013004
5.70016e-20 4.05698e+17 0.243972
5.7486e-20 4.05698e+17 0.210864
5.76964e-19 4.05698e+17 0.0127726
5.81476e-20 4.05698e+17 0.238752
5.92376e-20 4.05698e+17 0.177148
5.99059e-20 4.05698e+17 0.196105
6.00066e-20 4.05698e+17 0.140011
6.03825e-20 4.05698e+17 0.165849
6.04217e-20 4.05698e+17 0.134464
6.18618e-19 4.05698e+17 0.0116659
6.19543e-20 4.05698e+17 0.126764
6.223e-20 4.05698e+17 0.118846
6.24298e-20 4.05698e+17 0.165752
6.257e-19 4.05698e+17 0.0114952
6.34521e-19 4.05698e+17 0.0112892
6.55687e-20 4.05698e+17 0.122087
6.62889e-19 4.05698e+17 0.0106738
6.69235e-19 4.05698e+17 0.0105449
6.71207e-20 4.05698e+17 0.171644
6.75495e-20 4.05698e+17 0.126119
6.77619e-20 4.05698e+17 0.127912
6.84894e-20 4.05698e+17 0.10974
7.02459e-19 4.05698e+17 0.0099154
7.04163e-20 4.05698e+17 0.155006
7.16201e-20 4.05698e+17 0.102873
7.17941e-19 4.05698e+17 0.00964494
7.25773e-19 4.05698e+17 0.00951309
7.25989e-20 4.05698e+17 0.14675
7.27942e-19 4.05698e+17 0.00947716
7.32376e-20 4.05698e+17 0.113695
7.33452e-19 4.05698e+17 0.00938691
7.39567e-20 4.05698e+17 0.132437
7.43719e-20 4.05698e+17 0.240814
7.44063e-20 4.05698e+17 0.110771
7.47552e-19 4.05698e+17 0.00916278
7.6839e-19 4.05698e+17 0.00884829
7.69874e-20 4.05698e+17 0.0944724
7.70463e-20 4.05698e+17 0.119573
7.88166e-20 4.05698e+17 0.106396
7.92669e-20 4.05698e+17 0.0934484
8.05288e-20 4.05698e+17 0.124315
8.17739e-19 4.05698e+17 0.00817359
8.29572e-20 4.05698e+17 0.095824
8.48415e-19 4.05698e+17 0.00779714
8.58433e-20 4.05698e+17 0.157905
8.65903e-19 4.05698e+17 0.00759552
8.69707e-20 4.05698e+17 0.0923598
8.75323e-20 4.05698e+17 0.169928
8.81175e-20 4.05698e+17 0.106851
8.82305e-20 4.05698e+17 0.139363
8.85674e-20 4.05698e+17 0.0971664
8.95496e-20 4.05698e+17 0.0950054
9.00921e-20 4.05698e+17 0.100631
9.03727e-20 4.05698e+17 0.134324
9.20651e-20 4.05698e+17 0.0889484
9.25844e-19 4.05698e+17 0.00696977
9.30298e-20 4.05698e+17 0.0947715
9.30356e-20 4.05698e+17 4.12039
9.33058e-20 4.05698e+17 0.0882321
9.43909e-20 4.05698e+17 0.0844334
9.49439e-19 4.05698e+17 0.0067485
9.6307e-19 4.05698e+17 0.00662629
9.95618e-19 4.05698e+17 0.00634943
1.62426e-18 4.05698e+17 0.00331403
6.99837e-19 4.05698e+17 0.00996256
8.01823e-19 4.05698e+17 0.00838127
1.40024e-18 4.05698e+17 0.00404444
9.23958e-19 4.05698e+17 0.00698802
2.41047e-18 4.05698e+17 0.00189923
4.57451e-18 4.05698e+17 0.00061107
4.4589e-18 4.05698e+17 0.000649798
1.739e-18 4.05698e+17 0.00301469
1.34199e-18 4.05698e+17 0.00427764
1.1838e-18 4.05698e+17 0.00505881
5.01351e-18 4.05698e+17 0.000469676
2.7717e-18 4.05698e+17 0.00154015
1.48646e-18 4.05698e+17 0.00373656
1.04959e-18 4.05698e+17 0.0059307
4.08688e-18 4.05698e+17 0.000784798
3.35769e-18 4.05698e+17 0.00112552
1.23119e-18 4.05698e+17 0.00479899
1.74386e-18 4.05698e+17 0.00300298
3.36481e-18 4.05698e+17 0.00112142
1.55497e-18 4.05698e+17 0.00351719
1.34473e-18 4.05698e+17 0.00426612
1.15667e-18 4.05698e+17 0.00521815
4.12229e-18 4.05698e+17 0.000771088
3.24635e-19 4.05698e+17 0.0264912
2.13922e-18 4.05698e+17 0.00226153
1.6495e-18 4.05698e+17 0.00324436
1.44501e-18 4.05698e+17 0.00387967
5.01244e-18 4.05698e+17 0.000470026
4.49042e-18 4.05698e+17 0.000639132
3.2062e-18 4.05698e+17 0.00121803
2.38025e-18 4.05698e+17 0.0019352
5.32975e-18 4.05698e+17 0.000353812
1.31915e-18 4.05698e+17 0.00437592
9.98314e-19 4.05698e+17 0.00632738
6.34811e-19 4.05698e+17 0.0112826
5.15659e-19 4.05698e+17 0.0147553
4.05559e-19 4.05698e+17 0.0200029
1.76009e-18 4.05698e+17 0.00296445
