0.007846211167898092 0.0022870499905094654
0.017363459334819014 0.003459215308582958
0.027028338031733535 0.004328407628983388
0.03727038180067066 0.0050525002284758196
0.047056879934198964 0.0057868215146892376
0.057452881255843705 0.00625642720057365
0.06707557980133148 0.006825521803623274
0.07676506358657827 0.00741288041224068
0.08638143510935205 0.007816333560637483
0.09668464009785796 0.008158836390222642
0.10616814414363747 0.00864025251850654
0.11658242353090048 0.008764894865972568
0.12673307697174632 0.009477387923822645
0.13659831138793788 0.009788958642361525
0.14584490358320387 0.010130828769675283
0.1563681483616526 0.010759875427952785
0.16660316210535195 0.010678678636456305
0.17565431959900735 0.011084803194443467
0.18609601608469775 0.011335985996189726
0.19866148319472465 0.010305454596582001
0.2062918725878226 0.01219203216939549
0.2161690580469184 0.012518928342952752
0.22609967169782139 0.012710355930177789
0.23620955099228805 0.01273214900841494
0.24578936638382531 0.013310157683466084
0.25622262683923036 0.01339592399136713
0.26603583906866224 0.013782786280202743
0.27627858584012316 0.013767460825184362
0.2860903920645075 0.014325644829064935
0.2963703979697287 0.014695142955563211
0.3065533895266684 0.01467574008590691
0.316262557382581 0.014882704028907465
0.3266184875603704 0.015054517845719068
0.3363606965349006 0.0155227878268083
0.34633208433218277 0.015641735853831714
0.35633299823546366 0.015886240131602072
0.3665666059741154 0.016225157648315957
0.37634958909502486 0.01641574163251246
0.38676105647219267 0.016760353469668955
0.39627760163658987 0.01690095397442477
0.4066482948673786 0.01705153711501824
0.4168207413864615 0.017322614888187447
0.4266276265931795 0.017191856418764542
0.4366531455847926 0.018007269046095876
0.4468066110357336 0.017668984231653393
0.45670840158316167 0.018078272300997563
0.4674312990783637 0.018697125422680268
0.476740458498246 0.01854056676063467
0.4872250381378869 0.018490512980941603
0.49690046187265813 0.01819722032802098
0.5067446062131362 0.019187188482006647
0.5169268947675522 0.019149788747741602
0.5263625946417148 0.01930135609186837
0.5373238099924779 0.019516826365406654
0.5471953714313834 0.01962319064725442
0.5574810013567949 0.01967008091559049
0.5670109035691439 0.019827694081421755
0.5774807201557853 0.02049885059087362
0.5876721477430104 0.020613299401744847
0.597753906936526 0.020659416367304763
0.6076697575344295 0.02088627528172826
0.6173979064584841 0.02110947858302811
0.6274487335409534 0.021469626775960128
0.6374496474442344 0.021740071846857934
0.6477858935513578 0.021728472305215577
0.6577284582451651 0.021465549361322205
0.6677125000878753 0.02175567850288582
0.6773119995500784 0.021998214373589602
0.6877347149676267 0.02240778364394328
0.6974403678109204 0.02248047410490204
0.7080289918240806 0.022208271527694782
0.7182647085703038 0.02235583175743601
0.7279731734236926 0.023097147918761027
0.738026109513733 0.022836896384458016
0.7484516369413766 0.023028394271935433
0.7578718707600159 0.02348506471138231
0.7686488994495491 0.023697090272554074
0.7782870640505599 0.023555716465022112
0.7881361294087045 0.023386855258810377
0.798463236483019 0.023784824987521703
0.8081506112606943 0.024110807257798055
0.8188854597988006 0.02422645117295971
0.8290508762926458 0.024590184678762995
0.8386890408936568 0.024145113780958474
0.8483553255956189 0.024638973053913264
0.8586191624427931 0.025205944589341077
0.8684822878514135 0.025254381463229454
0.8790554458090505 0.025192236040127384
0.8892138322776579 0.02526682460790034
0.8985989159701083 0.02554465120529783
0.9091017736753675 0.025552454533311772
0.9191968899168348 0.025995627324302096
0.9287858443411812 0.025894887062644555
0.9395347529297631 0.025894113759868394
0.9490534071017315 0.025993940118245025
0.9592117935703389 0.026445759840277826
0.969145219231337 0.026347831588715405
0.9790716148670974 0.02623682749021069
0.9894057519666496 0.027110519026763303
1.0 0.02699382060781598
1.0088718918500916 0.027093154864425963
1.0193888096058263 0.02708746054398335
1.0301588082701216 0.027319732577839952
1.0397055825430412 0.02736479503961419
1.0501662600968737 0.02753970206753042
1.0595513437893243 0.02739537564939858
1.0701245017469612 0.028184777183350083
1.0797345462470211 0.027394461746117666
1.0898577825894395 0.028071031375002636
1.1002692499666074 0.028066883660112344
1.1104065463595014 0.028493114090279582
1.1195877593200558 0.02867744135201445
1.1304069681610156 0.028880257580124708
1.1402490034939226 0.02892728844896553
1.1504144199877677 0.02865079755636322
1.1600314945130652 0.02851968758567843
1.170049280476917 0.029184657672921045
1.1806716486112185 0.029071193065583104
1.1911112360893374 0.02918423587140678
1.2001869986713252 0.029641398412620302
1.2110343276132363 0.030193044493029734
1.2209677532742342 0.029730960934149755
1.2305285875976295 0.02948048113492727
1.240412803081963 0.029428458948167622
1.2510422012415023 0.030157472565326505
1.260863146498696 0.02989194851209516
1.2708598423868342 0.0301517782448839
1.2810674390321062 0.03007311226247303
1.2911203751221465 0.030588553712907824
1.3005898191174505 0.031042833943773857
1.3114793282107882 0.03087987795876187
1.3211596729632258 0.03052528348576771
1.3303971261256828 0.031181887842977356
1.340689083073808 0.031170780403101644
1.3514239316119143 0.031516517044296186
1.3613995374243393 0.0318610585812003
1.3714524735143798 0.03141633918465767
1.382159201951535 0.03192664871666889
1.391424775214943 0.030983149029505015
1.4019557530211533 0.0318228855441591
1.4117134280512067 0.03153964582732852
1.4216609137626803 0.031694798484326554
1.431741969953672 0.03193923246184453
1.4417597559175237 0.03245622051783166
1.4520657729161248 0.032569896025926734
1.4615141268357152 0.03286733639373765
1.472368485802864 0.032961398131419295
1.4826463827005139 0.03333855898542676
1.4929242795981637 0.03235309004759327
1.5016766610192132 0.03307373793471918
1.512214668850661 0.03271619085112515
1.522422265495933 0.033228328189698196
1.532967303352619 0.033243653644716584
1.5425562577769651 0.0337243667704767
1.5520608518984584 0.03376120410272273
1.5631331416479786 0.0333928307802625
1.5728626965770807 0.033544890226155914
1.5831757436009195 0.03356443369631697
1.592694397772888 0.034099488917165216
1.603640147068128 0.03444944357350243
1.6123854984639396 0.034192917952575445
1.6229867765225277 0.03445794990404016
1.632540580820685 0.03426567871378658
1.643324639535456 0.03433176095102182
1.6532580651964541 0.034865761668084395
1.6630368303022207 0.03405885537129078
1.6735959282093822 0.03469943127095826
1.6838667950817943 0.035162217832362015
1.6930269179666355 0.034801015135644334
1.7035227456466568 0.03542781218584575
1.7128304990614915 0.034720029244904985
1.7231224560096172 0.035309918662608
1.7340189951281926 0.03525620926979128
1.7430103974073268 0.03580898015423876
1.7534781049863968 0.03581713498351459
1.762813978502183 0.03542373477120783
1.7734574367121978 0.0361674411411137
1.7834330425246228 0.03638551252398996
1.7933453781099074 0.035736852095299025
1.8032788037709055 0.0364130702229221
1.812797457942874 0.03600047804171617
1.8238275675409676 0.03632069569129753
1.8344288455995557 0.03661223083790871
1.8446012921186385 0.0365142322860939
1.8531357427573165 0.036282874155518216
1.8634698798568687 0.03679198858323902
1.8737548067797565 0.03716619682664661
1.884679465999283 0.03702433091734799
1.8942754504488672 0.0370650347634748
1.9037378644189333 0.037462793591429
1.9132705786413775 0.03640118948027024
1.9243709884918487 0.03683979275485599
1.934768395818541 0.03816671001848897
1.944568251000021 0.038006776944329225
1.9550711087052803 0.03755017680513473
1.9645194626248705 0.03751861199181705
1.9751418307591724 0.037530281833711786
1.98482217551161 0.03819490041969251
1.9944533100873834 0.03732486449626354
2.00423207519315 0.038438350193677195
2.0151426743622007 0.038658389983620034
2.0266016154998 0.03899414398897692
2.03586015873797 0.039232321244033266
2.0462505360394245 0.037062363353884444
2.05587464058996 0.03885052057336886
2.0661876876137986 0.03954839117872433
2.0756852517100537 0.03950276631493107
2.084613383762048 0.038705069351198974
2.094307788564961 0.04058440599801753
2.1042271541754833 0.037684450287176534
2.1160094764740207 0.0381898388015213
2.12495166857649 0.04017392282438294
2.136537150168369 0.03922950923393815
2.1451770511856134 0.039409829381287474
2.155511188285166 0.039347754258437784
2.1655922444761573 0.03920075643071558
2.1763060029385506 0.03984934655915415
2.1861410082462194 0.04121781127194247
2.195392521459152 0.04116705448972561
2.206788192369611 0.04180812249115974
2.21518907252877 0.04043705666903343
2.22575520046117 0.04064317700900546
2.2370876011444882 0.03946086736451384
2.245368970874605 0.04077660688801873
2.2551758560813235 0.04100037259133761
2.265123341792797 0.03937404655282713
2.2753801486147336 0.0400248159890894
2.287352281594691 0.04099685757871871
2.2973349174323534 0.04071312576012148
2.3082525466266426 0.041240377652955774
2.3163300456248637 0.04007789267963472
2.3267344829767937 0.04058904581467447
2.3370264399249194 0.04182422124895428
2.3481127897249148 0.04233741309131299
2.357104192004049 0.03988034897045281
2.364935640118948 0.040953271422244406
2.377287394461746 0.041022728071593774
2.3889783264321918 0.04194809029364416
2.399185923077464 0.04215357793134478
2.406722110132375 0.041784923407875034
2.4163743347838618 0.041596378130997494
2.4258156586782147 0.043505029983057636
2.439770258775229 0.04107636716415812
2.4461675817416184 0.04237319591977335
2.45612209747833 0.04229129612575309
2.469718166288217 0.04364464628428016
2.47759882457978 0.04154006762884278
2.4873916497360224 0.04209698622818056
2.4973953756493983 0.04271555814885375
2.50989476052219 0.043656878528193915
2.5149493486681616 0.04332182752536082
2.5256982572567437 0.04339008907041977
2.53837339276048 0.044208384008098595
2.547638966023888 0.04225797380612597
2.5599766603162104 0.04392704239808221
2.566837964948294 0.043497859357315094
2.5736430293784753 0.04508010713758463
2.588525592806878 0.04372394496896244
2.5976365055150548 0.0430892742904947
2.6079144024127046 0.043204285503384954
2.616891744641363 0.04415685392310558
2.628906057772747 0.04317855561101464
2.6383755017680515 0.04509212848074124
2.6478449457633553 0.04283970839455314
2.657750251323402 0.04389835989511202
2.671550190865185 0.04327556995929615
2.6767945896925767 0.04452593024808958
2.6884503715368337 0.04412043839237383
2.6998601024977678 0.045454526281749355
2.7091959760135538 0.04562050517761359
2.7167251330432274 0.04690854640168157
2.729435418673153 0.04446779193937306
2.736655254592364 0.04483236904820488
2.748128255780438 0.044611555955485875
2.7566767664695915 0.044573382918444676
2.7689019803581094 0.04440079579885692
2.7787229256153028 0.04403678109204412
2.7886352612005876 0.047164931422103804
2.800298073070082 0.045653475995978826
2.8082701216897368 0.04634023916145858
2.8203055248968343 0.045294241706327724
2.827996372506977 0.0470389533698426
2.8400950459412146 0.045236665799630225
2.849824600870317 0.04594339423678531
2.8584926219885127 0.04469570535758224
2.8671254929805197 0.04702615872390981
2.8794561572476045 0.046300168017603185
2.889016991571 0.044620835588799763
2.8987887266515284 0.045201656273946025
2.907224756936877 0.04718285798646017
2.9197874120368095 0.04498913861100761
2.928926444845937 0.045721807841290145
2.9394925727783363 0.04426392120747714
2.9505859526035696 0.04543863842471194
2.9585298811222733 0.04523729850190162
2.968336766328991 0.048246500804937885
2.980962691656063 0.04624519322024366
2.988541058862401 0.0466762040675726
2.9995149282585927 0.0463233671008879
3.0098420353329067 0.047238887287605356
3.0188193775615657 0.047005841950972606
3.032443566472404 0.046722039832123
3.036752971943169 0.047339416648505765
3.048373603661237 0.04654776550647817
3.059832544798836 0.05016815820368795
3.0708275042707402 0.04605439833529002
3.081653743136938 0.04910296877965792
3.0907716858703522 0.04609271197283599
3.10003725913376 0.049216995789014874
3.1091903519933632 0.04676443088430687
3.120825043761907 0.04751664358475047
3.1284315310691966 0.048709568567351154
3.1411769668253107 0.048482639352675286
3.1508291914767974 0.04756873607176249
3.161978811503933 0.047460473683100524
3.170710102849269 0.04817620055255998
3.1799405259864884 0.04901973328084248
3.1900778223793824 0.04736528714138084
3.2039129120473544 0.04874928820994467
3.2095580223133 0.04734391586465795
3.221579365469922 0.05033266079425225
3.233228117288941 0.049221424704914696
3.2095580223133 0.04734391586465795
3.2508664506105576 0.0478658952385639
3.2609826569277383 0.0503420810280709
3.273088360387214 0.050102146266705096
3.2806315774673633 0.04951724816692092
3.293173142491581 0.049626705659873316
3.3011451911112357 0.04877101098792944
3.3129134533592977 0.05013399228103228
3.3187764944076146 0.0507948146533846
3.331205579028029 0.048874071157915464
3.34090701385618 0.0487469683016162
3.3518879132776087 0.050386791988583236
3.3628336625728483 0.04767889656723867
3.3721765661138723 0.052836404282691374
3.378327838196939 0.04966234788782891
3.3915794357701743 0.05030137718194408
3.4000927963331384 0.05098750764515244
3.4113127166126525 0.0519135728697266
3.42315830913833 0.05019880911372472
3.4301531842499315 0.05222198007690848
3.4301531842499315 0.05222198007690848
3.4512291999128277 0.04956287303071418
3.4623296097632994 0.04937481985560328
3.4720240145662125 0.05034250282958515
3.4839328773190297 0.051652126231133175
3.4917572954086906 0.05271436304456333
3.5052197937390592 0.049699325820579704
3.510801633777865 0.04896152467187357
3.521522422265496 0.051318481233347625
3.5318706194155234 0.05201023571674623
3.5318706194155234 0.05201023571674623
3.5528482147250906 0.05085829578128185
3.5627464902598995 0.05138807848320175
3.570198317011958 0.05132424585404262
3.584089646881832 0.05071846857930219
3.594100402820446 0.05159307401913572
3.6024661328534164 0.05386834168734665
3.612476888792031 0.05324407544623085
3.6222486238725597 0.05309124269756129
3.63083931471314 0.050390096100444995
3.63083931471314 0.050390096100444995
3.655001511455426 0.051300062567224615
3.664203814491694 0.052942276462772504
3.6759931668154686 0.05124930578500776
3.6830794322551617 0.0525836748753928
3.6931534584209156 0.05125352380015044
3.7047389400127946 0.05066813359859961
3.712907829339107 0.053129696935611995
3.722264792930607 0.05246029793246958
3.722264792930607 0.05246029793246958
3.7540194169297063 0.05307352703396205
3.7631584497388344 0.05161683550443947
3.7631584497388344 0.05161683550443947
3.774961862113085 0.0529212566873115
3.785935731509276 0.05387473901031304
3.790779418898114 0.052488980435439765
3.8062314143707776 0.052076599154990966
3.814990825817065 0.053967675943956635
3.82474147082188 0.05200418989504173
3.8349350074166764 0.0534055551259429
3.8439545297967617 0.05254240862724696
3.8508650446055097 0.053848376415671334
3.864714194323957 0.053047234739572714
3.8743172087987796 0.0555205382187322
3.8832804909769627 0.05518766652372281
3.894992513023122 0.053676281397850224
3.903259822702764 0.05517009146062835
3.91437429260371 0.05401027789689765
3.923724226169972 0.055283063966199635
3.935394068064704 0.056095102181416834
3.943246606255316 0.052834927977391435
3.953334692471546 0.054138224356225444
3.9631064275520744 0.05390285911126421
3.972625081724043 0.05371761794624842
3.98475890528447 0.05306565340569573
3.994242409330249 0.053383691747453374
4.004457036000759 0.05374833915653757
4.01559259597742 0.0548036865452347
4.024837079165114 0.05357638473922122
4.036035909368914 0.052326305651437276
4.046299746216088 0.055781633356063745
4.055354418722363 0.05664126484214078
4.060662087776895 0.056351768402848564
4.076585094940491 0.05511666326882113
4.0852320259829735 0.05342298958853262
4.09307050412311 0.05392521459152038
4.105963570409218 0.053901171905207136
4.115123693294059 0.05374630044921862
4.1232293123932315 0.05535884763826302
4.13662854049646 0.05796129268104073
4.143686685835203 0.05501318129732086
4.154751945559485 0.05332175722510844
4.163553537157198 0.05517866809141845
4.176341153064739 0.055310059263112756
4.1895365104360724 0.05580258283127237
4.1968125865571855 0.05546598522288695
4.203245059649764 0.054267436220096034
4.21337532601742 0.05586585305841248
4.223083790870809 0.056223189241249374
4.234402131503653 0.05701090356914382
4.246423474660274 0.05468874563259682
4.257038812769338 0.05553586367375058
4.265024921439468 0.05571098160242396
4.272532988393428 0.05640618079818906
4.286389168137114 0.057339768149767656
4.295935942410034 0.05691733393322883
4.304744564032985 0.05769513592553797
4.314790470097788 0.05630537023627915
4.324070103411671 0.0573068676316548
4.335219723438807 0.057463707494709894
4.342741850443243 0.057859216714588005
4.356028598142667 0.0563064950403172
4.366158864510323 0.057149957468347314
4.375389287647542 0.05684548707529861
4.387038039466562 0.055935731509276124
4.395607640231428 0.056634445717660124
4.407080641419502 0.056844362271260544
4.416760986171941 0.057321490084149405
4.426356970621524 0.057551653110434656
4.436909038503448 0.057724943232546205
4.447116635148721 0.05938655999775039
4.458877867371544 0.05679620659838168
4.466814765865009 0.058802927302509
4.474329862844208 0.05827883892103173
4.485971584637989 0.055989511202345216
4.491532334601081 0.05910760859631487
4.505606445127138 0.05861740493648372
4.515926522176215 0.060231498731080434
4.52363845986207 0.059078996393597046
4.536313595365808 0.05871884820066505
4.549797183771889 0.05786603583906866
4.557073259893003 0.057807967830604504
4.566620034165923 0.05559561888827181
4.577523603309736 0.05865480467074877
4.5863673750588765 0.05890120705533333
4.600448515610171 0.059951352225354484
4.608919696021709 0.05914198541972766
4.620835588799764 0.05935534668569461
4.629616090321764 0.059900665743390015
4.6366742356605055 0.05659008625840966
4.64773246535955 0.06088929819258051
4.6616378552799 0.05977686699895252
4.666755713653012 0.060849789450744124
4.679606599787693 0.057367325848699795
4.68919555421204 0.05832924420198669
4.70029596406251 0.05930831581685378
4.708183652379312 0.05899829170386722
4.71894662101837 0.059213480776395995
4.7264757780480435 0.05841177669827834
4.742433935337828 0.059007290136171585
4.749913882190837 0.05905769541712655
4.756718946621018 0.06008436030285348
4.769661223083791 0.05760824481359888
4.77513761274403 0.0605877101098793
4.788115039332991 0.05722785014798203
4.796234718482639 0.06082560616392612
4.806997687121697 0.059141141816699126
4.813929292006158 0.058339789239843357
4.828558774526 0.05650839736514654
4.839420163518387 0.06080043867357484
4.847553902718511 0.06004225045167912
4.857417028127131 0.059323500671367414
4.867266093485275 0.05877171399045322
4.879540517550458 0.060640364998910345
4.885712879709238 0.059945939105921386
4.900686833465732 0.06053568792311965
4.908883842892996 0.05911695852988112
4.920160003374412 0.06202028865283626
4.929411516587344 0.06082862907477838
4.940870457724943 0.059852088268996885
4.948997166899829 0.06232665715269917
4.961953503413077 0.062236180727888814
4.9688429281461115 0.05885867540264469
4.97368661553495 0.0596261432578543
4.991205438427524 0.06092114420690771
4.996260026573495 0.06417646769351902
5.013019606740388 0.06015487145598852
5.0171673216306845 0.060903850344822735
5.027213227695488 0.05983409140438815
5.03598669919225 0.06054370215189073
5.049006305932639 0.060444789696795016
5.0574704563189385 0.0606007156565692
5.069280898718426 0.059685757871870755
5.0815553227836086 0.06126456093977378
5.088971999409478 0.061799053758603
5.10026221994137 0.06155954079875147
5.111805521381822 0.06259421991324948
5.118800396493423 0.06287731902957532
5.1297109956624745 0.06227786877754891
5.13946164066729 0.061968407066581375
5.148776424107362 0.06205347037195863
5.158941840601208 0.06207420894641012
5.173557263070574 0.06366011233980329
5.182921256687312 0.06391930937032064
5.190021582177479 0.06277088444747517
5.199034074532328 0.06253291809317596
5.210696886401823 0.062010376317250974
5.21757928110962 0.061350116346917685
5.233881909636056 0.06202921678488826
5.241115805605742 0.06253861241361856
5.253643310579484 0.06257629334889313
5.257488734384556 0.06323268680534563
5.268300913200278 0.06374770645426615
5.277875807574149 0.06309517951169445
5.292069428529248 0.060543913052647856
5.3010889509093335 0.06124565017188411
5.311725379094111 0.06080254768114617
5.3192264160228335 0.06243808305271816
5.3301932553937865 0.06351880883252371
5.340372731938108 0.06073576244138717
5.349863266009125 0.06187518893192827
5.361406567449577 0.06264849170808523
5.369807447608737 0.06456515778891647
5.3821029617496325 0.06433886127651198
5.388542464867449 0.06042440262360541
5.400823918957869 0.06534506878879695
5.410419903407453 0.06261791109830084
5.419551906191343 0.06512959851525868
5.429260371044732 0.06356984681575006
5.442701779299387 0.06228897621742462
5.451088599408072 0.06613425942199132
5.462463180242817 0.06430722616294192
5.472944947872363 0.06210591436023255
5.478885319198296 0.06083340949194008
5.493093000203871 0.06483637616259043
5.502703044703931 0.06502731164804881
5.5151461893748195 0.061708928835054515
5.517241136895681 0.06193698285376843
5.5325173817374 0.0658027937320295
5.5425281376760145 0.0651871041217038
5.553769148031241 0.06641707733730763
5.5568061189339675 0.0642885262958094
5.571548081857614 0.06472741077140468
5.581312786912905 0.06521072500650277
5.595506407868004 0.067163666017561
5.6027192137619775 0.06328885670699558
5.611816066419679 0.06359895112023452
5.623731959197734 0.06456712619598305
5.630213642466977 0.06653468965953589
5.642565396809775 0.06434617250275929
5.65183800009842 0.06437316779967239
5.662193227273686 0.06581994699360971
5.671388500284716 0.06380992217762062
5.682053048570444 0.06501648540918262
5.688260560855413 0.06752634501957862
5.703635226050461 0.06410419903407454
5.712893769288632 0.06491131623162527
5.723663767952926 0.06096205895379164
5.733787004295346 0.06717849937081274
5.743080697659704 0.06450280146505726
5.751678418525523 0.06348429140860616
5.761632934262234 0.0640674320020809
5.771770230655128 0.06416810196348605
5.780599942353793 0.06572363564785198
5.790596638241932 0.06513740184327263
5.80339128417471 0.06764360584054498
5.812902908321441 0.06649068170154732
5.820122744240652 0.06479700802125879
5.831876946438237 0.0657620898859027
5.844242760831511 0.06654558619865444
5.8504432430912425 0.065216349026693
5.864925095081092 0.06465057259555562
5.873220524861684 0.06348745491996316
5.878022032099095 0.06751411277566487
5.889256012429085 0.06713927182998587
5.90219125886662 0.06677019550500186
5.909411094785829 0.065283134266452
5.920975486301995 0.06708183652379311
5.930719101281574 0.06588040521065472
5.945868805669012 0.06959099313166535
5.95634354327332 0.06810857170977244
5.961362981293103 0.06863455819806392
5.975324611415354 0.06613229101492475
5.979387966002798 0.06812024155166717
5.990586796206599 0.06754061597081133
6.002369118505135 0.066818772979395
6.013335957876089 0.06631064275520748
6.021427516924785 0.06653771257038812
6.033315289601889 0.06682074138646157
6.041941130568659 0.06889677813943353
6.054060894078609 0.06799363079713457
6.065076943626227 0.06812375656428606
6.067987374074673 0.06633236553319226
6.082834787376886 0.07071150885431678
6.094286698489248 0.06741175560820263
6.102448557790322 0.06680246332084333
6.115060423066918 0.06841444810786869
6.126217073119292 0.06886879863898711
6.1376127440297505 0.06855666551842922
6.142561881797156 0.06956645834358545
6.150512840341097 0.06759692647296604
6.163434026728155 0.06381083608090153
6.172608209663473 0.07006559013546858
6.185782476959092 0.06889734054145255
6.195976013553889 0.0687326973503835
6.20271780775693 0.06542647648105056
6.2119763509951005 0.06875139721751601
6.22429295521171 0.0646331381329659
6.233052366657996 0.06857206127369997
6.243576314438968 0.06759439566388042
6.260047663571112 0.07112206232820376
6.265095221691846 0.06566001391944996
6.276258901769458 0.06974656759017765
6.286480558465205 0.0716914943724648
6.294354186731531 0.06813366889987135
6.303436979338756 0.06851357146372156
6.311873009624105 0.06809753457014911
6.323001539575527 0.0682706137915035
6.334699501571211 0.06836432402792327
6.3437401140270095 0.07211962290944623
6.355409955921741 0.06973567105105907
6.36079495525389 0.06997321560384401
6.375326017420401 0.06749295239969912
6.385273503131876 0.06849599640062706
6.39569903055952 0.06768220067910044
6.4052106547062495 0.0721512580230163
6.412521880953553 0.06718088957939358
6.42595625918297 0.06873628266325477
6.433267485430272 0.06784220405351254
6.4438336133626715 0.06764669905164959
6.45395684970509 0.0689133689989947
6.469387755102041 0.06710946452297763
6.4711241713357746 0.0699503680218212
6.488333673117886 0.07255970248933194
6.492066616519153 0.07013216447447046
6.504748782048127 0.0697273053210261
6.512460719733984 0.06998221403614839
6.524074321426813 0.06930079368984933
6.536447165845325 0.06979746497289925
6.5472101344843825 0.07085703037673906
6.552897424901754 0.07023206113309946
6.565467110026925 0.07182506485198281
6.576061358060275 0.07008042348872032
6.588068641166422 0.06998861135911479
6.594269123426153 0.07039867273123511
6.6047790111566504 0.06964941264139139
6.6189656020865115 0.07145528552447503
6.6230078665982415 0.07082750427074033
6.6364000646762324 0.06883842892995987
6.6437675311254365 0.07085351536412017
6.654481289587829 0.06749576440979424
6.661954206415601 0.06924448318769465
6.67436923098554 0.07162330312765823
6.6825732704380405 0.07258852559280686
6.697800305103096 0.069126238163195
6.706967458013174 0.07194738729112038
6.7182365884693525 0.07107566416163433
6.724486280905748 0.07152417977180539
6.736584954339986 0.07486836277742237
6.749421780424192 0.07183912490245839
6.7619844355241225 0.07214985201796874
6.762968639057415 0.07304758624083461
6.776262416782076 0.06896539118575436
6.787714327894437 0.07046545797099411
6.794210071214155 0.06995648414377807
6.8054440515441454 0.0713688162140502
6.815314206978003 0.0725203343480003
6.828277573516489 0.06948322284477002
6.836692513726124 0.07133296308533747
6.844165430553896 0.06940448656210677
6.858141120726623 0.07120361062096213
6.864025251850655 0.0705631753217994
6.871399748325096 0.07243105302748037
6.885691789633525 0.07089358650797556
6.898219294607268 0.07314881860425879
6.902170168790906 0.07141872939323851
6.916834801436937 0.07315373962192524
6.927344689167434 0.07273685912532425
6.940385385983536 0.07325848699796833
6.944933812312385 0.07149395066328287
6.953721343859624 0.07173437752641533
6.96903976885277 0.0692535519202514
6.975746412929623 0.06674882422827898
6.987078813612941 0.0706573776599858
6.996674798062524 0.07221734026025153
7.005877101098792 0.07049920209213552
7.018503026425865 0.07221874626529909
7.0281341610016375 0.07475939738623662
7.037969166309306 0.07561424845515194
7.050904412746842 0.07265179581994699
7.05631753217994 0.07290065871336478
7.068971577607964 0.0724134779643859
7.0786730124361155 0.07233755369181775
7.088444747516644 0.07273475011775292
7.099692787897109 0.07397695557727052
7.102012696225579 0.07410560503912209
7.11607274670116 0.07171609946079706
7.126055382538824 0.07190520713969363
7.135475616357462 0.0740212447362686
7.148621763552131 0.07437485500572946
7.1571983943422355 0.07332808424782246
7.17013364077977 0.0745850527603394
7.175265559203358 0.07637278817830956
7.186372999079066 0.07531617538506963
7.198113141226177 0.07295971092536223
7.205916469240125 0.07451686151553284
7.2213122245108865 0.07313686756135455
7.224827237129781 0.07301173311212186
7.234247470948421 0.07398750061512721
7.247885719909734 0.07401140270093569
7.258571358271176 0.06967155722089041
7.263351775432874 0.07306094328878641
7.281770441555885 0.07463426293700394
7.285355754427159 0.07500263625946417
7.2956898915267105 0.07752782132487857
7.309609341497536 0.0754251407762554
7.317623570268617 0.07520580398883632
7.3269032035825 0.07314670959668745
7.337940343205832 0.0721315739523505
7.351156790652878 0.07319802878092332
7.35917101942396 0.07616821444388985
7.367114947942663 0.07749478020626094
7.382510703213424 0.07811764044232919
7.387431720879878 0.07327535905853902
7.398047058988942 0.07327887407115792
7.408381196088494 0.0753808516172573
7.418012330664267 0.07401351170850703
7.427081063221016 0.07608315113851259
7.435657694011121 0.07714468494941898
7.445991831110674 0.0754244377737316
7.455904166695958 0.07408873297855138
7.466308604047889 0.07559807939710504
7.477837845437865 0.07365990143904616
7.490702791623021 0.0755692562936301
7.5004745267035515 0.07545326087720655
7.506942149922318 0.0770933657651831
7.516713885002846 0.07410560503912209
7.525220215540573 0.07418504432430911
7.539842668035178 0.07859638516102273
7.547294494787236 0.07301946613988343
7.5570662298677655 0.0741723902788811
7.5700014763053 0.0755551962431545
7.578929608357293 0.07387220820122745
7.59214605580434 0.07583499124761858
7.597910676499328 0.0776642038144917
7.605362503251386 0.07474955535090369
7.615626340098561 0.07495975310551364
7.628631886788473 0.07532390841283121
7.638684822878513 0.07507504551941341
7.64719115341624 0.07373020169142408
7.664625616005962 0.07738300280498006
7.6679297278677225 0.07755453542078215
7.679107467995809 0.07550950107910888
7.687965299795426 0.07863012928216412
7.700830245980583 0.07729583049203147
7.71200798610867 0.0761400943429387
7.725083833050961 0.07751094926430786
7.730707853241194 0.07234528671957934
7.7365427741885595 0.0780571822252842
7.756508045863884 0.0779123637053857
7.760233959239914 0.07791939373062348
7.7694432923014185 0.07606698208046567
7.779636828896215 0.07888391319324835
7.79053336801479 0.08010994959471904
7.800164502590564 0.07588420142428311
7.81204524524243 0.0775299303324499
7.820551575780157 0.07600019684070666
7.829690608589285 0.07169500938508369
7.839813844931703 0.07632849901931148
7.853241193135883 0.07763256870092164
7.8623099256926325 0.07400718468579301
7.867441844116221 0.07714819996203787
7.879392887020464 0.07559315837943857
7.8929608357294 0.07290839174112634
7.89935815869579 0.07497662516608435
7.91243400563808 0.0753942086652091
7.9224869417281205 0.07974087326973503
7.929024865199265 0.07721357919674932
7.942592813908202 0.07586100234099839
7.95004464066026 0.07502091432508243
7.962276884574016 0.07759460656463757
7.973314024197347 0.07797774294009717
7.982734258015987 0.07716226001251345
7.991240588553712 0.07600019684070666
7.998973616315282 0.07632568700921637
8.011768262248061 0.07980414349687515
8.020063692028653 0.077768248188011
