0.007535818940488569 0.002196575425708614
0.016676569484018206 0.0033223704643971213
0.025959110366899386 0.004157177967131649
0.03579598395743589 0.004852625822046373
0.04519533307225906 0.00555789772190188
0.05518007373097646 0.006008926039458226
0.06442210308832863 0.006555507541895669
0.07372827569443507 0.007119630534887177
0.08296422832295788 0.007507123276572184
0.09285984362551146 0.007836076863867772
0.10196818494861788 0.008298448408572238
0.1119704806017312 0.008418159966510472
0.12171957922028817 0.009102467151904716
0.13119454984943216 0.009401712287145692
0.14007535143748398 0.009730058201558344
0.15018230186488057 0.010334220085614357
0.16001242353449557 0.010256235398971008
0.16870552172092962 0.010646293870606189
0.1787341498656368 0.01088754000513146
0.19085654868810178 0.00988933601609658
0.19831539573008522 0.011718971547405239
0.20792878073812 0.012026724103007307
0.21760900976327766 0.012245688898491622
0.22748571968725104 0.01224123263068343
0.23687899207324484 0.012829730058201557
0.24709397323538548 0.012906499399079039
0.2567640743791609 0.013291831526069168
0.26683996597031856 0.013278260165016948
0.27651816941919977 0.013822532510499237
0.2866642809879411 0.01419415823801872
0.2966935843247404 0.014182815010870594
0.3063569335475943 0.01443391894994126
0.31663133161384416 0.014572468367250483
0.3263459954357015 0.015039093622135498
0.3362827974558762 0.015190336650777148
0.3461871902556278 0.01543158278530242
0.35636436066060795 0.015744939435269334
0.3661424925391274 0.015958502694016448
0.37660729477536364 0.016314463964998045
0.38610792270400934 0.016510809825395323
0.39648765073663456 0.016622149001390897
0.40663983903420525 0.01689512916424723
0.4164436282122264 0.016742198155375206
0.4265492282554387 0.017582677271683795
0.43679189229335746 0.01720922852551551
0.4467334206581773 0.017700768368600867
0.4574696501154578 0.018339972722239476
0.4669392192078647 0.018176981351194416
0.4774209012464047 0.0181400483437538
0.48718552928308106 0.0179530876534374
0.49718512416782573 0.018869053245648387
0.507394028601137 0.018818211281109474
0.5169257153660216 0.019027385791257612
0.5279644308805855 0.019224136766910187
0.5379228390477091 0.019317583352463776
0.5483842653234846 0.01934992505367777
0.5581475429759767 0.01947976449299826
0.568706872105114 0.02028418835158603
0.579018405736432 0.02052664983187717
0.5892874022659447 0.02045366156671573
0.5992296058228567 0.02070760131257343
0.6091306226621473 0.020825489851862854
0.6194435066776498 0.021263419442831485
0.6294977921218586 0.02172444060335165
0.6400577964430881 0.02165192497265472
0.6501438159156281 0.021400010803073476
0.6603236870889768 0.021710194050207285
0.6700430772554792 0.021971560909078636
0.680681403859398 0.02243440508824761
0.6905797199303202 0.02247376878721996
0.7012882665118227 0.022142789623647935
0.711672720889093 0.02241961838142952
0.7216723157738376 0.02296692909132648
0.7319419874954425 0.02291129326293331
0.7424884879748289 0.02320358391962514
0.7521774944971845 0.02343571496090638
0.763183125599233 0.024054393474943623
0.7730409301446263 0.023626929361403322
0.7830810365548999 0.0235423277922569
0.7934924986158562 0.024074716756917344
0.80366764344456 0.024412852956666172
0.8145044765235709 0.02446038647995355
0.8249429462682133 0.02490938922123344
0.8345374258976679 0.02448435579922488
0.8446045399916277 0.025077444532969628
0.8552590712057581 0.02551267335556966
0.8653261852997177 0.025635085681876498
0.8761292587741212 0.025465004793863856
0.8864732016258626 0.025644133255911306
0.8960474254925526 0.02597396459292669
0.9067762278368197 0.02609138049775161
0.9171606822140899 0.02634532024360931
0.9268631925782885 0.026411691626267674
0.9376595141317705 0.026501964808988154
0.9475510782817713 0.0265776538425182
0.9583001363888026 0.027041173213779322
0.9683604985618409 0.02699843355434621
0.9783735972884285 0.02698256654018068
0.9888728343213644 0.02773439293478995
1.0 0.02766221490013909
1.0089462952209904 0.027945728059632968
1.019830391746452 0.02776180573373125
1.030869782453108 0.028062468772365734
1.040700579314815 0.028216480088585204
1.051442885500925 0.028236668332140495
1.0612196669952603 0.02842335894562003
1.071853942446626 0.02886122101737944
1.0817725142803127 0.02804909996894116
1.0922514955504843 0.028938462992721434
1.1027304768206556 0.028955680391071263
1.1131892023280625 0.029563623350843317
1.1224325820695988 0.02970527865177643
1.1337082900085074 0.02980919071475835
1.1439374502045832 0.029975558046264162
1.154288144977246 0.029870835752771663
1.164341755229363 0.02956693179209485
1.174591171188203 0.030515441643147474
1.1856035542111731 0.03006535859452014
1.196089287402266 0.030448800183652248
1.205379930590253 0.03089327913791474
1.2166286308454757 0.031321756039593265
1.2270738525110394 0.030767220774310298
1.2369586647401185 0.03052962067708263
1.2468029654436688 0.030831161465436917
1.2577748369411097 0.031249983120197698
1.267902718323363 0.03099165462574103
1.278239909254183 0.03157711368884448
1.288462317529337 0.0315879842815281
1.2991168487434674 0.03226229862395852
1.3085560341917275 0.032532307941609384
1.3199870363118307 0.03231016974329196
1.3299326158292035 0.032067303147745536
1.339392057040228 0.03262278368195752
1.349850782547635 0.032915682011532284
1.3609644443844275 0.03278570753379337
1.3713488987616977 0.033434769691977374
1.381706345455282 0.03323774863948793
1.3929685495523478 0.03344834105302959
1.4020431312708468 0.03264648292439199
1.4128597085870933 0.033507622918720385
1.4231158764668548 0.03312323606065926
1.433203246323579 0.03340782952750058
1.4436214603054571 0.03384069517777808
1.4538641243433759 0.03405311060996854
1.464518655557506 0.034583811594398606
1.474396715865664 0.03483167461142695
1.4853888431258693 0.03501593453337475
1.4958205609495903 0.03518540774850445
1.5066506421076797 0.03460210930009588
1.5156442007751207 0.03487400915560477
1.5266903434026982 0.03451757525015867
1.536824976705873 0.03504348237073448
1.5481276923284675 0.035094189296854955
1.557708668116079 0.03595411394541747
1.5674786976894928 0.03575763304660176
1.5791865285673774 0.03543570145706453
1.5889970696663203 0.035399916276180575
1.5993680202017475 0.03592805153066047
1.609192065142533 0.036472796510607274
1.6205555480534213 0.036605809352760865
1.6299204623715449 0.036494875292020584
1.6406695204785762 0.036572049748153354
1.6504733096565973 0.03645483640095608
1.6616274830189188 0.036915114850174874
1.6720862085263257 0.037162032598274206
1.681984524597248 0.03683794039404211
1.6929496441737675 0.037087018756836315
1.70352315233684 0.037599489554778334
1.7125369667670451 0.037245351302445544
1.7240219842545206 0.037890564865704295
1.7331640851822345 0.03718843260907729
1.7438321202382077 0.037726965821776294
1.7555534549579355 0.03777929320891794
1.7645065020998476 0.03865852835131595
1.775296071732408 0.03868074217114769
1.7851403724359582 0.03815206676299407
1.7959164382266757 0.038944539721550785
1.8061861099482805 0.039117726493187316
1.8161519452284176 0.038422211119063375
1.8265701592102956 0.03911232495645011
1.8365630021741186 0.03915425438537264
1.847649656327225 0.039418457051031024
1.8587633181640177 0.03955781669885082
1.8689924783600935 0.03957057782939246
1.878141331208729 0.03908511471513646
1.8885257855859994 0.039593061726061064
1.899733974315693 0.039829243919895216
1.9110231860964446 0.03999675907795768
1.9205501465166839 0.04025414230348535
1.9302594088018041 0.040847636152485385
1.9402927632911564 0.03974700552307131
1.9512916424722835 0.040236452270671005
1.962040700579315 0.040964174307590515
1.9721010627523532 0.04150426046210147
1.982910888147678 0.04112399227580247
1.9929780022416377 0.040915222880909624
2.00417943905041 0.04098429503193659
2.013537601447612 0.041698108111757795
2.0235371963323567 0.04078112973140859
2.0335773027426303 0.041523030802263244
2.0451568471230064 0.04249517237654112
2.056175982066898 0.04220490729612575
2.067093838196967 0.04178068410462776
2.077019161951575 0.04031882570591333
2.0878492431096647 0.04191383198519979
2.097828582231645 0.04256221895129164
2.107213752312533 0.0436079564636139
2.1167542165746154 0.04178554548769124
2.127449259314275 0.044090516251873664
2.136712894818576 0.04035805436646726
2.1489068640028086 0.04141668804774958
2.158481087869499 0.04356703982282959
2.170296949482128 0.04218431393731517
2.1789124005779645 0.04254182815010871
2.1912481601015488 0.042563704373894375
2.2004510283175565 0.04323153687224015
2.212341161060322 0.0445684847339068
2.2219896560571484 0.04453823612817847
2.231800197156091 0.04492971250320716
2.242542503342201 0.04572029492390585
2.2523800521248294 0.04413278327684225
2.2621905932237723 0.04442804477873956
2.2740267105991654 0.04367945930617261
2.2821627753095757 0.0441100293033368
2.2932426775417607 0.04523557452095121
2.3026683591481776 0.04281204002538723
2.313721253696677 0.04413075770056582
2.326549903447531 0.04582366683321405
2.3363671964673953 0.04459940853172728
2.347150014179034 0.044348709707911896
2.356494672734393 0.04432339000445627
2.366993909767329 0.04511613303984984
2.377054271940367 0.04679641608037487
2.3886405682416645 0.04591812620690586
2.39868742657286 0.044188486624444655
2.405810703145045 0.04479285106612832
2.418315260691667 0.04458799778536994
2.430110866541531 0.046146408653261854
2.439867392273102 0.04716520600110732
2.4485908741036826 0.04583858857845057
2.4600353800656287 0.04534603594722699
2.469636611616005 0.048314180384319345
2.4832552361146747 0.04469528580881261
2.49096592980703 0.046580692206932874
2.4994395905635156 0.04622655395460008
2.5142195454606835 0.047386061334449656
2.5214103412420834 0.046570024171876896
2.5322471743210944 0.046910320986320614
2.5420779711828017 0.046625322404224005
2.556911941447342 0.048539221908633
2.560301405749936 0.048505327265607065
2.5725831499061487 0.049048046669277416
2.5841897019702107 0.048915101346333034
2.5948104735797335 0.04738302297003497
2.6070382023685736 0.04864178358743061
2.6146881287726362 0.04877749719795283
2.621561584270725 0.049059389896425526
2.637212536966767 0.047816968927659916
2.645011005631102 0.04889612844854361
2.6572522382617856 0.048040727586998504
2.6659487124086803 0.04950089800548257
2.678878640973357 0.04730605107152986
2.687966726533699 0.0494223731651655
2.698189134808853 0.04773830904892442
2.7081684739308334 0.04848783979042038
2.7229754365116876 0.04778118374677596
2.7283769732488894 0.049338176711274356
2.740847771190904 0.049792378431663814
2.751846650372031 0.05102946538290143
2.7629198006832945 0.050865123627672065
2.7694421562934655 0.05089017325429084
2.782075000337596 0.048787760117753494
2.7891780211470163 0.05100130987265878
2.801459765303229 0.05042692395986659
2.8114728640298168 0.049705346170985654
2.8222691855832984 0.05001748747518669
2.8329507244811154 0.04852727100860195
2.844199424736338 0.0515206001107315
2.8556034191727546 0.05099097943364888
2.863239841734974 0.051568201153228105
2.877452635274736 0.05046588254358365
2.883792689020026 0.053327414149325486
2.8966821060591736 0.05093865204650723
2.9083156658069225 0.051742873347467355
2.9156820115322812 0.050718944539721554
2.9242029357352166 0.0523916654288145
2.938078133228904 0.051763331667859507
2.946801615059485 0.05181964268834484
2.9576249442966525 0.05082103358405467
2.9672396796888716 0.05281831931184421
2.9788664875156985 0.050352045156847124
2.988271913359351 0.05167265336988373
2.9987711503922867 0.0504287469785154
3.0097565257315706 0.05207270468448273
3.018952642026657 0.0513785396945431
3.0286686562326985 0.05279347224285309
3.042780170958638 0.051689668210605916
3.0503220666279556 0.05216237019432029
3.0611994112324954 0.05262231104749301
3.0726911806408927 0.05336063360025927
3.0814281663133163 0.05301763601744697
3.095141317704887 0.05307968617071557
3.099010168392908 0.05324625605984903
3.1116362605161174 0.052409220423210404
3.1236884393609983 0.056893373664807644
3.1330871132837292 0.053001769003281435
3.146314126368952 0.05379511971155793
3.1562934654909323 0.0510828055581813
3.1643485071502844 0.05421394136631872
3.174375109718715 0.05360451298394393
3.186589334665712 0.05340877479642959
3.194002943837522 0.05436187595370884
3.2074055068667033 0.054465517939853894
3.2181883245783425 0.05276005023429166
3.228883367318002 0.05362591657326509
3.236877641689061 0.052749179641608045
3.2474916613776617 0.055655341444640995
3.2567958084074924 0.05316286983646848
3.272142924662066 0.05537230091961163
3.2793404723643875 0.052875643120467775
3.291190093581624 0.05535582623256317
3.3018446247957542 0.055462506583122906
3.2793404723643875 0.052875643120467775
3.3208782898734692 0.05413150041186717
3.3305267848702957 0.05624127314220897
3.342754513659136 0.05588632465936559
3.3515252589361677 0.05495530228349966
3.36524516224866 0.057109165057458854
3.3725439887648037 0.05535204515684713
3.3848189810000946 0.05720997123681688
3.3903488042348053 0.05869566391638422
3.4048586822951132 0.05546736796618638
3.414871781021701 0.055027547837359726
3.4253372584500292 0.057123479129812436
3.436471176049586 0.05488609509405425
3.44534320014044 0.05981722550065493
3.4526622824193485 0.05517426707898397
3.466193131946039 0.057348588173335324
3.4743291966564485 0.05874245472837022
3.486273344766586 0.05632749517237654
3.498035191011843 0.05659811216291035
3.5059484423318437 0.058461709856454165
3.5059484423318437 0.058461709856454165
3.527162977867203 0.05733096565973019
3.5375406803235525 0.05678041402779092
3.5484180249280923 0.05858445977880708
3.5615032476739636 0.057797590914615206
3.5685522531160117 0.059263162869836475
3.5831228984646133 0.056677582272156427
3.589429192605296 0.05553319919517103
3.6007521639906557 0.06035434080996044
3.6100225514158777 0.059116308589793796
3.6100225514158777 0.059116308589793796
3.6325807192146167 0.05769867527311521
3.642870646698986 0.05867419280785384
3.651060726776768 0.060095742238666906
3.6646861031963596 0.05913636179493066
3.6746046750300465 0.05909497251968185
3.683989845110934 0.061221017379444444
3.692834861518102 0.06027669371936315
3.705157117199844 0.06040970656151676
3.714562543043496 0.0583094540396743
3.714562543043496 0.0583094540396743
3.7390652640676274 0.05798867027669372
3.74865299177616 0.05796247282351829
3.75894291926053 0.05923710045507947
3.767187014705684 0.06088551442885501
3.777348655692544 0.05804126774067222
3.790190809285242 0.05820088315125653
3.797172295518075 0.06021592643106964
3.807232657691113 0.06023003794579559
3.807232657691113 0.06023003794579559
3.8400740010532997 0.061653275356839024
3.8400740010532997 0.061653275356839024
3.8500600920962014 0.05894859087410368
3.863381632074325 0.060650480061577514
3.8744817900692747 0.06047445748315396
3.8772028142006403 0.059305294856386644
3.8939813376905734 0.060113027156225955
3.903028911725386 0.06245607875440562
3.913028506610131 0.061620933655625036
3.923919355056514 0.0606827542435823
3.9330006886959343 0.06108969251752124
3.940583095890781 0.060839061212915074
3.954714866379485 0.06064730665874441
3.964430880585527 0.0625144153511674
3.9752812175063807 0.06344206176657259
3.9851390220517735 0.06257552023550701
3.994578207500034 0.063656030140575
4.006556115214779 0.06180485598152675
4.014503126139387 0.06354408329169649
4.026413514644917 0.06249794066411894
4.036696690208364 0.06131493659946255
4.046129123735703 0.06250003375960461
4.055007899747478 0.06252103223367048
4.064615883218775 0.061029667940529074
4.078774661391166 0.06180721915384927
4.0872550740685725 0.06360788894440468
4.096572724940246 0.0625201544839507
4.110772014638165 0.06206075378445169
4.120805369127517 0.061424182679972454
4.13151391570902 0.06057438591279219
4.1433095215588835 0.06249605012626092
4.1503517750800105 0.06571070719619733
4.156381240462912 0.06435741968590064
4.174091529040012 0.06441157009169109
4.18095823261718 0.0618949941258288
4.191666779198682 0.060716851444235886
4.203597423466976 0.0624456132769773
4.213873847109503 0.0633216750165422
4.221658811931994 0.06421009277139346
4.234325415580733 0.06557641148906865
4.243069153174078 0.0639886297651682
4.254594682187083 0.06113790123290077
4.262737498818414 0.06411414797509891
4.275903744615343 0.06552340890983485
4.290845745614628 0.0643100212010317
4.297233062806368 0.06299346414054799
4.304450866271454 0.06310973221881626
4.31418713624026 0.0651702834456403
4.324166475362241 0.06441501357136106
4.337798603702754 0.065607605363726
4.34856791757255 0.06489237438051126
4.360073190822789 0.06473410935411125
4.368803424574292 0.06416316692098903
4.375548593574872 0.06499176265647577
4.388748598976409 0.06478623418362522
4.399382874427775 0.06546311425600584
4.410354745925216 0.06565608415594237
4.41787638583177 0.064790555413015
4.4281393056324525 0.06610360147461954
4.438435985037743 0.06777645740213091
4.447240489919382 0.0671292182625957
4.461419523854537 0.06581664483545568
4.47424142168447 0.06562050153268606
4.483228228430989 0.06708857169864826
4.494186596086586 0.06574845043414851
4.503659541139454 0.0661439104425209
4.5134160668710255 0.06682828514712436
4.523692490513551 0.06509162356690479
4.535515104047102 0.06597572009236628
4.544731476104952 0.06699147907579707
4.554825597882598 0.06924229943418903
4.5676880072380595 0.06554845853645362
4.574176603243623 0.06685286213927862
4.583980392421644 0.06748524705278652
4.595613952169392 0.06515981796821196
4.601447611845571 0.06881490283985794
4.616848743467517 0.0683598233697487
4.628023172592603 0.0689647954843153
4.635193712611238 0.06890942973275897
4.6477455336043105 0.06704887040362983
4.661411421549431 0.06661107585107963
4.67048600326793 0.06791284620474525
4.679607848432879 0.06601001985064751
4.689688466368682 0.06710963769192335
4.700113432271481 0.06856643214994666
4.714326225811243 0.0693077930671276
4.7202611643012435 0.06938341458144842
4.736452270671006 0.06755161843544488
4.746148029114283 0.06682018284201856
4.751947929185854 0.06739861990736365
4.763338419780427 0.07149474025360215
4.776767990493296 0.07170134903380013
4.7838980189864015 0.07032395716581367
4.79503868850688 0.06679358027358782
4.805497414014287 0.06830580800237668
4.81742130636166 0.06880477495847569
4.825969238248282 0.06870147056837671
4.838223974720808 0.0681971020755405
4.847298556439307 0.06830985915492958
4.860451298394393 0.06970818197777268
4.869161276383132 0.06960622797185799
4.875433810919207 0.06847055487286133
4.8884852740604705 0.0666999311304066
4.893805787746614 0.07094918504314478
4.907640473714772 0.06819372611507973
4.915958840290062 0.0719592724130015
4.927659919247026 0.06703448881206704
4.933993221071395 0.06923352193699109
4.950116808231942 0.06769273358270428
4.961352004645322 0.07080739470379323
4.9670101143775405 0.07092622851201168
4.979656462263514 0.06876831458549958
4.989453499520614 0.06729214211443157
5.001836522490649 0.06891955761414122
5.009155604769557 0.07188432609077283
5.024549984470582 0.07032260678162938
5.031619245675395 0.07044819251076931
5.0428814497724606 0.07153525177913116
5.053630507879491 0.07278975868634627
5.064872456213793 0.06864678000891254
5.0742306186109944 0.07375055703347602
5.085519830391747 0.07244270995098107
5.093561368209255 0.06919166002727777
5.101785207891646 0.07051031018324715
5.118023577707858 0.07175874036163289
5.123060510715299 0.0734541477050221
5.14041294748356 0.06985334827758498
5.144747680715164 0.07434472607456821
5.154470446842127 0.07083710315584785
5.164672599354517 0.07097146638218574
5.178027898937248 0.07130906242826085
5.186251738619637 0.07006265782615154
5.1988440711382395 0.06906067276140063
5.20856008534428 0.07233873036878993
5.218606943675476 0.07307198898086506
5.2309224474362965 0.07330222948428829
5.240665469326023 0.07306523705994356
5.248983835901314 0.07277422926822681
5.261792229889403 0.07354394825327806
5.27040768098524 0.07306118590739065
5.2815686062684835 0.07331235736567054
5.289279299960839 0.07346225001012788
5.306584473282649 0.07519006657394028
5.315598287712855 0.0758152944512714
5.322073379876575 0.07437781048708357
5.332059470919477 0.07209431083143154
5.344496509256884 0.07267497603068072
5.352139683740024 0.071664888660824
5.367797388356988 0.0717776457402131
5.375339284026306 0.07374853145719959
5.389720875589106 0.07282621905932238
5.39338041672856 0.07633451717013491
5.403926917207946 0.07507730949455121
5.414453161924568 0.07474038864056824
5.428490405520371 0.07237113958921314
5.4367547567282895 0.07357500708951697
5.447740132067573 0.07314423453472513
5.4544920529890755 0.07342984078970467
5.4662336434715675 0.0742839587862747
5.479474160398634 0.07001471918760888
5.48777227121116 0.07186609590428478
5.4982985159277815 0.07706710059011788
5.506083480750274 0.07555331991951711
5.520323281973722 0.07534063441048978
5.528432339000446 0.07172700633330184
5.541713367453041 0.0763088598706332
5.551307847082495 0.07382955450825761
5.5590590523003796 0.07643579598395744
5.569409747073042 0.07455538600731909
5.584480034569836 0.07171417768355097
5.593682902785843 0.07830202692666065
5.60360147461953 0.07638178061658543
5.615181018999905 0.07268375352787868
5.620933655625026 0.072541287996435
5.637151769678473 0.07815956139521694
5.645902259192741 0.07712381672585851
5.6572252305781 0.07345077174456133
5.65938584527298 0.07591724845718607
5.675219099833903 0.07815888620312479
5.685360485057999 0.07553103858047615
5.700376757187421 0.07636287523800522
5.699883866960151 0.07706912616639434
5.715737377283838 0.07569240949050005
5.724879478211551 0.07653774998987212
5.741252886446194 0.07994206851849352
5.747451149852133 0.0746094013746911
5.759287267227527 0.0752589361673396
5.770144356069302 0.07712381672585851
5.776646455916708 0.07773824152971522
5.790974032112136 0.0767767679904933
5.798738741171864 0.0769435404372544
5.810419564366062 0.07718053286159912
5.819838494051559 0.07202071489338718
5.828575479723981 0.07752555602068789
5.835496198668521 0.07926012450542179
5.852328737525826 0.07688209795686873
5.863786747329616 0.07593547864367413
5.875373043630914 0.07329952871591969
5.882516575965863 0.07977462087964027
5.893609982039891 0.07831147961595074
5.90254952533996 0.07521167272088909
5.911381037905285 0.0777274384562408
5.923892347372828 0.07658028709167759
5.931339716149245 0.07849783263338421
5.940826165043955 0.07802114701632615
5.9568282176279155 0.07819737215237735
5.96372868080969 0.08000013503841844
5.973269145071773 0.07828244635598829
5.982478765208702 0.07887458982080403
5.996414729990682 0.07771055865393704
6.003578518088396 0.07793809838899167
6.020343537736486 0.07841748477441833
6.026345995435701 0.07472620960663309
6.031923082116862 0.08024793053623756
6.044569430002837 0.07956463613898156
6.057391327832769 0.08044846258760617
6.063515320108571 0.07785302418538075
6.078302026926661 0.07904811418848663
6.08759942203557 0.07885163328967093
6.10476955693895 0.08157400780522059
6.1135808137415095 0.07999270792540478
6.120656826867243 0.07929185853375285
6.133424709329804 0.07763223637124762
6.137219288887689 0.0817731894724049
6.149399754230078 0.08012437038337407
6.16172200991182 0.07994747005523072
6.173207027399295 0.07956396094688939
6.1798239099023675 0.07844786841856509
6.193429030559194 0.08068815578031951
6.202874967928376 0.08224582393691006
6.213819831742131 0.07997987927565392
6.223947713124384 0.08225055028155509
6.228971142289981 0.07776997555804627
6.245621379282405 0.08101967509756526
6.257396729369506 0.07942487137590645
6.264000108030736 0.07975436511687575
6.276443898289064 0.08267187014705683
6.287915411934696 0.0822194914453162
6.300014854226028 0.08052205852565054
6.305227337177428 0.0819305092298759
6.315524016582718 0.08077728113648333
6.329142641081388 0.07566405142262975
6.337373232684699 0.08330249956112515
6.354003213914359 0.08337271953870876
6.362827974558762 0.0791149582056095
6.36852659581651 0.07773959191389951
6.376433095215589 0.08191227904338784
6.389221233440914 0.07471878249361943
6.3976948941974 0.08017500979028534
6.4096390423075364 0.08039714798860276
6.426755161843545 0.08456510877344604
6.432480790784978 0.07908727532983133
6.444411435053272 0.08233900044562678
6.45549808920638 0.08294734852065413
6.461804383347062 0.08224177278435715
6.470419834442899 0.08278597761063024
6.48237748639488 0.07993194063711126
6.493295342524948 0.08107774161749018
6.505307009844301 0.0833409855103777
6.512605836360445 0.08450366629306039
6.524016582717783 0.08223434567134351
6.530586201774406 0.08591009142100929
6.546507231307308 0.07976111703779726
6.556621608847718 0.08414919044468153
6.568059362888742 0.08044643701132972
6.577822640541234 0.08651708911185231
6.5858979379633515 0.08091974666792702
6.598334976300758 0.08235250428746978
6.606673598638812 0.08360296004213198
6.614060200126936 0.08221476510067115
6.6281582110110335 0.08182315368722402
6.642357500708951 0.08057067235628536
6.6440657367020926 0.0839230010938112
6.662430961608577 0.0856602703469137
6.667299096592981 0.08338554818845961
6.678399254587931 0.08417012139953817
6.6881692841613445 0.08408909834848015
6.70073460899626 0.08405803951224125
6.710950265350492 0.08488650020930955
6.72451487448179 0.08440238747923784
6.729274978731449 0.08298043293316949
6.742927362834727 0.08613020404305023
6.753878978569403 0.0847433594857737
6.765559801763603 0.08589321161870551
6.7734595492417595 0.08482843368938463
6.782102008021282 0.08506947726628225
6.797023753257801 0.08511066398390342
6.803235520505584 0.0841059781507839
6.815794093419578 0.0845495793553266
6.821533226202855 0.08372044346616614
6.833146530187838 0.08293924621554831
6.844692314963607 0.08270427936748005
6.854280042672141 0.08670546770556223
6.862247309359513 0.08816050666414596
6.8783168811526885 0.08383320054555522
6.887837089652006 0.08497292479710478
6.899382874427775 0.08544083291696487
6.904919449583407 0.08611670020120725
6.917342984078971 0.08801534036433366
6.93010411462061 0.08898694178493781
6.94570105194928 0.08603567715014923
6.946983916924365 0.08888971412366821
6.961365508487165 0.08406884258571563
6.971290832241773 0.08590131392381133
6.974666792702524 0.08479467408477713
6.990871402914129 0.08658325793688305
7.000729207459522 0.08603500195805706
7.012680107490582 0.08337744588335382
7.021052489433244 0.08466638758726859
7.030370140304917 0.08454080185812864
7.045832039215156 0.08512821897829932
7.052043806462939 0.0850080347858966
7.059065804221301 0.08886608240044294
7.073920030248606 0.08498170229430273
7.086816199208675 0.088165233008791
7.089179371531201 0.0846035947226986
7.10423615518615 0.08501006036217305
7.1180100738660155 0.0861295288509581
7.127057647900828 0.08814497724602649
7.134417241705266 0.08641918625849054
7.143802411786154 0.0893279137914737
7.159939502788543 0.08304322579773946
7.168514442358851 0.08197372152377351
7.1769543435107295 0.08456375838926175
7.187284782520627 0.0864549714393745
7.1962648373462255 0.08599516562462022
7.210916505745884 0.08682430151378069
7.220909348709708 0.0907897046709789
7.230091961162952 0.0909821344172417
7.246971763466707 0.08595532929118335
7.249807570253737 0.0872037594695691
7.260813201355787 0.08817468569808112
7.271008601947254 0.08650088450164073
7.282486867513807 0.0878397904203746
7.293492498615857 0.08882557087491393
7.2979487664240486 0.08890254277341904
7.310034704873537 0.08655152390855199
7.32029762467422 0.08611670020120725
7.331505813403913 0.08652384103277382
7.343929347899477 0.09060605242191405
7.352774364306645 0.0874042915209377
7.367155955869445 0.08905040984159994
7.370194320284122 0.09013814430205393
7.38390071975477 0.09001255857291399
7.39652681187798 0.08793431731327561
7.405911981958868 0.09089300906107788
7.417727843571496 0.08408369681174294
7.422319149798118 0.09049802168717
7.4302188972762755 0.0904453567039823
7.4482465261366855 0.08748936572454863
7.45931967644795 0.08458941568876345
7.4643836171390765 0.08775404102467152
7.482073649953412 0.0889720875589105
7.486259840924744 0.0931684064116241
7.4967253183530715 0.09166272804612913
7.510026602568431 0.09109759226499939
7.520424560787545 0.09118806800534753
7.529269577194712 0.0894075864583474
7.538047074392664 0.0855259071205758
7.5538465693489805 0.08867027669371937
7.5632317394298685 0.0924074649237708
7.568093122493349 0.09318933736648077
7.584972924797104 0.09139197601717688
7.588686481303931 0.08959664024414947
7.601785207891646 0.08654544717972264
7.614006184759564 0.08991465571955223
7.621028182517927 0.09002808799103344
7.633181640176631 0.09207594560652506
7.639055811378337 0.09330884636679135
7.651074230618612 0.08886540720835079
7.66329520748653 0.09059389896425533
7.671059916546257 0.09043185286213928
7.686251738619637 0.0871578464073029
7.698742792324416 0.0906674949022997
7.706507501384143 0.09150878424911887
7.716095229092677 0.09350937841815998
7.72325226526947 0.09192335219369911
7.7333126274425075 0.08870201072205042
7.748369411097457 0.09475713340445356
7.755053812809745 0.08932048667846001
7.767139751259234 0.0916046615262042
7.778618016825788 0.09135956679675368
7.783479399889268 0.08996799589483208
7.80164206716811 0.09089030829270929
7.807651276788246 0.09217992518871619
7.813390409571523 0.09249388951156605
7.826219059322378 0.09026035407073314
7.838575074608726 0.09313937315166164
7.8492431096647 0.09324267754176065
7.859438510256168 0.08985051247079796
7.877803735162654 0.09250604296922475
7.87949171539303 0.09359107666131015
7.892050288307024 0.09195373583784587
7.9012329007602675 0.09376460102899276
7.916492242042861 0.09253372584500291
7.925134700822385 0.09338649345738864
7.939313734757539 0.0931413987279381
7.94336488731044 0.08822937625754528
7.951804788462318 0.09510823329237167
7.9709127246701685 0.09363496414729991
7.972195589645254 0.0941109745722658
7.985294316232969 0.09294154186866163
7.993936775012491 0.09659500627928645
8.00831836657529 0.0966787300987131
8.01972911293263 0.08935357109097539
8.028776686967444 0.09287402265944661
8.0366764344456 0.09544650453053895
8.04943756498724 0.0887756066600948
8.056594601164031 0.09114688128772636
8.071651384818981 0.09365454471797226
8.079146017041849 0.0892516170850607
8.085222745871201 0.09140277909065128
8.098456510877345 0.0922042321040336
8.11250050639407 0.08849067559720741
8.11722685103912 0.09003619029613924
8.131405884974276 0.09187811432352505
8.14639514942001 0.09341687710153539
8.147542975976666 0.09313802276747736
8.16334247093298 0.09078497832633384
8.172795160223083 0.09272750597545001
8.184205906580422 0.09408666765694841
8.197912306051071 0.09597923109124545
8.20635220720295 0.09431758335246379
8.216682646212847 0.09091394001593453
8.21978852983674 0.09261609928024524
8.235317947956194 0.09444249388951156
8.242272426505341 0.09487596721267201
