1.000e-02 5.124e+01 
2.000e-02 2.916e+01 
3.000e-02 2.110e+01 
4.000e-02 1.687e+01 
5.000e-02 1.424e+01 
6.000e-02 1.245e+01 
7.000e-02 1.114e+01 
8.000e-02 1.015e+01 
9.000e-02 9.368e+00 
1.000e-01 8.738e+00 
1.100e-01 8.219e+00 
1.200e-01 7.783e+00 
1.300e-01 7.414e+00 
1.400e-01 7.096e+00 
1.500e-01 6.820e+00 
1.600e-01 6.578e+00 
1.700e-01 6.364e+00 
1.800e-01 6.174e+00 
1.900e-01 6.005e+00 
2.000e-01 5.852e+00 
2.100e-01 5.714e+00 
2.200e-01 5.589e+00 
2.300e-01 5.476e+00 
2.400e-01 5.372e+00 
2.500e-01 5.276e+00 
2.600e-01 5.188e+00 
2.700e-01 5.108e+00 
2.800e-01 5.033e+00 
2.900e-01 4.964e+00 
3.000e-01 4.899e+00 
3.100e-01 4.839e+00 
3.200e-01 4.784e+00 
3.300e-01 4.731e+00 
3.400e-01 4.683e+00 
3.500e-01 4.637e+00 
3.600e-01 4.594e+00 
3.700e-01 4.554e+00 
3.800e-01 4.516e+00 
3.900e-01 4.481e+00 
4.000e-01 4.447e+00 
4.100e-01 4.415e+00 
4.200e-01 4.385e+00 
4.300e-01 4.357e+00 
4.400e-01 4.330e+00 
4.500e-01 4.305e+00 
4.600e-01 4.281e+00 
4.700e-01 4.258e+00 
4.800e-01 4.236e+00 
4.900e-01 4.216e+00 
5.000e-01 4.196e+00 
5.100e-01 4.177e+00 
5.200e-01 4.160e+00 
5.300e-01 4.143e+00 
5.400e-01 4.127e+00 
5.500e-01 4.111e+00 
5.600e-01 4.097e+00 
5.700e-01 4.083e+00 
5.800e-01 4.069e+00 
5.900e-01 4.057e+00 
6.000e-01 4.044e+00 
6.100e-01 4.033e+00 
6.200e-01 4.022e+00 
6.300e-01 4.011e+00 
6.400e-01 4.001e+00 
6.500e-01 3.991e+00 
6.600e-01 3.982e+00 
6.700e-01 3.973e+00 
6.800e-01 3.965e+00 
6.900e-01 3.957e+00 
7.000e-01 3.949e+00 
7.100e-01 3.941e+00 
7.200e-01 3.934e+00 
7.300e-01 3.927e+00 
7.400e-01 3.921e+00 
7.500e-01 3.914e+00 
7.600e-01 3.908e+00 
7.700e-01 3.903e+00 
7.800e-01 3.897e+00 
7.900e-01 3.892e+00 
8.000e-01 3.887e+00 
8.100e-01 3.882e+00 
8.200e-01 3.877e+00 
8.300e-01 3.873e+00 
8.400e-01 3.868e+00 
8.500e-01 3.864e+00 
8.600e-01 3.860e+00 
8.700e-01 3.857e+00 
8.800e-01 3.853e+00 
8.900e-01 3.850e+00 
9.000e-01 3.846e+00 
9.100e-01 3.843e+00 
9.200e-01 3.840e+00 
9.300e-01 3.837e+00 
9.400e-01 3.835e+00 
9.500e-01 3.832e+00 
9.600e-01 3.830e+00 
9.700e-01 3.827e+00 
9.800e-01 3.825e+00 
9.900e-01 3.823e+00 
1.010e+00 3.819e+00
1.020e+00 3.817e+00
1.030e+00 3.815e+00
1.040e+00 3.813e+00
1.050e+00 3.812e+00
1.060e+00 3.810e+00
1.070e+00 3.809e+00
1.080e+00 3.807e+00
1.090e+00 3.806e+00
1.100e+00 3.805e+00
1.110e+00 3.804e+00
1.120e+00 3.803e+00
1.130e+00 3.802e+00
1.140e+00 3.801e+00
1.150e+00 3.800e+00
1.160e+00 3.799e+00
1.170e+00 3.798e+00
1.180e+00 3.797e+00
1.190e+00 3.797e+00
1.200e+00 3.796e+00
1.210e+00 3.796e+00
1.220e+00 3.795e+00
1.230e+00 3.795e+00
1.240e+00 3.794e+00
1.250e+00 3.794e+00
1.260e+00 3.794e+00
1.270e+00 3.793e+00
1.280e+00 3.793e+00
1.290e+00 3.793e+00
1.300e+00 3.793e+00
1.310e+00 3.793e+00
1.320e+00 3.793e+00
1.330e+00 3.793e+00
1.340e+00 3.792e+00
1.350e+00 3.793e+00
1.360e+00 3.793e+00
1.370e+00 3.793e+00
1.380e+00 3.793e+00
1.390e+00 3.793e+00
1.400e+00 3.793e+00
1.410e+00 3.793e+00
1.420e+00 3.793e+00
1.430e+00 3.794e+00
1.440e+00 3.794e+00
1.450e+00 3.794e+00
1.460e+00 3.795e+00
1.470e+00 3.795e+00
1.480e+00 3.795e+00
1.490e+00 3.796e+00
1.500e+00 3.796e+00
1.510e+00 3.797e+00
1.520e+00 3.797e+00
1.530e+00 3.798e+00
1.540e+00 3.798e+00
1.550e+00 3.799e+00
1.560e+00 3.799e+00
1.570e+00 3.800e+00
1.580e+00 3.800e+00
1.590e+00 3.801e+00
1.600e+00 3.801e+00
1.610e+00 3.802e+00
1.620e+00 3.803e+00
1.630e+00 3.803e+00
1.640e+00 3.804e+00
1.650e+00 3.805e+00
1.660e+00 3.805e+00
1.670e+00 3.806e+00
1.680e+00 3.807e+00
1.690e+00 3.808e+00
1.700e+00 3.808e+00
1.710e+00 3.809e+00
1.720e+00 3.810e+00
1.730e+00 3.811e+00
1.740e+00 3.811e+00
1.750e+00 3.812e+00
1.760e+00 3.813e+00
1.770e+00 3.814e+00
1.780e+00 3.815e+00
1.790e+00 3.815e+00
1.800e+00 3.816e+00
1.810e+00 3.817e+00
1.820e+00 3.818e+00
1.830e+00 3.819e+00
1.840e+00 3.820e+00
1.850e+00 3.821e+00
1.860e+00 3.822e+00
1.870e+00 3.822e+00
1.880e+00 3.823e+00
1.890e+00 3.824e+00
1.900e+00 3.825e+00
1.910e+00 3.826e+00
1.920e+00 3.827e+00
1.930e+00 3.828e+00
1.940e+00 3.829e+00
1.950e+00 3.830e+00
1.960e+00 3.831e+00
1.970e+00 3.832e+00
1.980e+00 3.833e+00
1.990e+00 3.834e+00
2.010e+00 3.836e+00
2.020e+00 3.837e+00
2.030e+00 3.838e+00
2.040e+00 3.839e+00
2.050e+00 3.840e+00
2.060e+00 3.841e+00
2.070e+00 3.842e+00
2.080e+00 3.843e+00
2.090e+00 3.844e+00
2.100e+00 3.845e+00
2.110e+00 3.846e+00
2.120e+00 3.847e+00
2.130e+00 3.848e+00
2.140e+00 3.849e+00
2.150e+00 3.850e+00
2.160e+00 3.851e+00
2.170e+00 3.852e+00
2.180e+00 3.853e+00
2.190e+00 3.854e+00
2.200e+00 3.855e+00
2.210e+00 3.856e+00
2.220e+00 3.857e+00
2.230e+00 3.859e+00
2.240e+00 3.860e+00
2.250e+00 3.861e+00
2.260e+00 3.862e+00
2.270e+00 3.863e+00
2.280e+00 3.864e+00
2.290e+00 3.865e+00
2.300e+00 3.866e+00
2.310e+00 3.867e+00
2.320e+00 3.868e+00
2.330e+00 3.869e+00
2.340e+00 3.870e+00
2.350e+00 3.871e+00
2.360e+00 3.873e+00
2.370e+00 3.874e+00
2.380e+00 3.875e+00
2.390e+00 3.876e+00
2.400e+00 3.877e+00
2.410e+00 3.878e+00
2.420e+00 3.879e+00
2.430e+00 3.880e+00
2.440e+00 3.881e+00
2.450e+00 3.882e+00
2.460e+00 3.884e+00
2.470e+00 3.885e+00
2.480e+00 3.886e+00
2.490e+00 3.887e+00
2.500e+00 3.888e+00
2.510e+00 3.889e+00
2.520e+00 3.890e+00
2.530e+00 3.891e+00
2.540e+00 3.892e+00
2.550e+00 3.893e+00
2.560e+00 3.895e+00
2.570e+00 3.896e+00
2.580e+00 3.897e+00
2.590e+00 3.898e+00
2.600e+00 3.899e+00
2.610e+00 3.900e+00
2.620e+00 3.901e+00
2.630e+00 3.902e+00
2.640e+00 3.903e+00
2.650e+00 3.905e+00
2.660e+00 3.906e+00
2.670e+00 3.907e+00
2.680e+00 3.908e+00
2.690e+00 3.909e+00
2.700e+00 3.910e+00
2.710e+00 3.911e+00
2.720e+00 3.912e+00
2.730e+00 3.913e+00
2.740e+00 3.915e+00
2.750e+00 3.916e+00
2.760e+00 3.917e+00
2.770e+00 3.918e+00
2.780e+00 3.919e+00
2.790e+00 3.920e+00
2.800e+00 3.921e+00
2.810e+00 3.922e+00
2.820e+00 3.923e+00
2.830e+00 3.924e+00
2.840e+00 3.926e+00
2.850e+00 3.927e+00
2.860e+00 3.928e+00
2.870e+00 3.929e+00
2.880e+00 3.930e+00
2.890e+00 3.931e+00
2.900e+00 3.932e+00
2.910e+00 3.933e+00
2.920e+00 3.934e+00
2.930e+00 3.935e+00
2.940e+00 3.937e+00
2.950e+00 3.938e+00
2.960e+00 3.939e+00
2.970e+00 3.940e+00
2.980e+00 3.941e+00
2.990e+00 3.942e+00
3.000e+00 3.943e+00
3.010e+00 3.944e+00
3.020e+00 3.945e+00
3.030e+00 3.946e+00
3.040e+00 3.948e+00
3.050e+00 3.949e+00
3.060e+00 3.950e+00
3.070e+00 3.951e+00
3.080e+00 3.952e+00
3.090e+00 3.953e+00
3.100e+00 3.954e+00
3.110e+00 3.955e+00
3.120e+00 3.956e+00
3.130e+00 3.957e+00
3.140e+00 3.958e+00
3.150e+00 3.959e+00
3.160e+00 3.961e+00
3.170e+00 3.962e+00
3.180e+00 3.963e+00
3.190e+00 3.964e+00
3.200e+00 3.965e+00
3.210e+00 3.966e+00
3.220e+00 3.967e+00
3.230e+00 3.968e+00
3.240e+00 3.969e+00
3.250e+00 3.970e+00
3.260e+00 3.971e+00
3.270e+00 3.972e+00
3.280e+00 3.973e+00
3.290e+00 3.975e+00
3.300e+00 3.976e+00
3.310e+00 3.977e+00
3.320e+00 3.978e+00
3.330e+00 3.979e+00
3.340e+00 3.980e+00
3.350e+00 3.981e+00
3.360e+00 3.982e+00
3.370e+00 3.983e+00
3.380e+00 3.984e+00
3.390e+00 3.985e+00
3.400e+00 3.986e+00
3.410e+00 3.987e+00
3.420e+00 3.988e+00
3.430e+00 3.989e+00
3.440e+00 3.990e+00
3.450e+00 3.991e+00
3.460e+00 3.992e+00
3.470e+00 3.994e+00
3.480e+00 3.995e+00
3.490e+00 3.996e+00
3.500e+00 3.997e+00
3.510e+00 3.998e+00
3.520e+00 3.999e+00
3.530e+00 4.000e+00
3.540e+00 4.001e+00
3.550e+00 4.002e+00
3.560e+00 4.003e+00
3.570e+00 4.004e+00
3.580e+00 4.005e+00
3.590e+00 4.006e+00
3.600e+00 4.007e+00
3.610e+00 4.008e+00
3.620e+00 4.009e+00
3.630e+00 4.010e+00
3.640e+00 4.011e+00
3.650e+00 4.012e+00
3.660e+00 4.013e+00
3.670e+00 4.014e+00
3.680e+00 4.015e+00
3.690e+00 4.016e+00
3.700e+00 4.017e+00
3.710e+00 4.018e+00
3.720e+00 4.019e+00
3.730e+00 4.020e+00
3.740e+00 4.021e+00
3.750e+00 4.022e+00
3.760e+00 4.023e+00
3.770e+00 4.024e+00
3.780e+00 4.025e+00
3.790e+00 4.026e+00
3.800e+00 4.027e+00
3.810e+00 4.028e+00
3.820e+00 4.029e+00
3.830e+00 4.030e+00
3.840e+00 4.031e+00
3.850e+00 4.032e+00
3.860e+00 4.033e+00
3.870e+00 4.034e+00
3.880e+00 4.035e+00
3.890e+00 4.036e+00
3.900e+00 4.037e+00
3.910e+00 4.038e+00
3.920e+00 4.039e+00
3.930e+00 4.040e+00
3.940e+00 4.041e+00
3.950e+00 4.042e+00
3.960e+00 4.043e+00
3.970e+00 4.044e+00
3.980e+00 4.045e+00
3.990e+00 4.046e+00
4.000e+00 4.047e+00
4.010e+00 4.048e+00
4.020e+00 4.049e+00
4.030e+00 4.050e+00
4.040e+00 4.051e+00
4.050e+00 4.052e+00
4.060e+00 4.053e+00
4.070e+00 4.054e+00
4.080e+00 4.055e+00
4.090e+00 4.056e+00
4.100e+00 4.057e+00
4.110e+00 4.058e+00
4.120e+00 4.059e+00
4.130e+00 4.060e+00
4.140e+00 4.061e+00
4.150e+00 4.062e+00
4.160e+00 4.063e+00
4.170e+00 4.064e+00
4.180e+00 4.065e+00
4.190e+00 4.066e+00
4.200e+00 4.067e+00
4.210e+00 4.068e+00
4.220e+00 4.069e+00
4.230e+00 4.070e+00
4.240e+00 4.071e+00
4.250e+00 4.072e+00
4.260e+00 4.072e+00
4.270e+00 4.073e+00
4.280e+00 4.074e+00
4.290e+00 4.075e+00
4.300e+00 4.076e+00
4.310e+00 4.077e+00
4.320e+00 4.078e+00
4.330e+00 4.079e+00
4.340e+00 4.080e+00
4.350e+00 4.081e+00
4.360e+00 4.082e+00
4.370e+00 4.083e+00
4.380e+00 4.084e+00
4.390e+00 4.085e+00
4.400e+00 4.086e+00
4.410e+00 4.087e+00
4.420e+00 4.088e+00
4.430e+00 4.088e+00
4.440e+00 4.089e+00
4.450e+00 4.090e+00
4.460e+00 4.091e+00
4.470e+00 4.092e+00
4.480e+00 4.093e+00
4.490e+00 4.094e+00
4.500e+00 4.095e+00
4.510e+00 4.096e+00
4.520e+00 4.097e+00
4.530e+00 4.098e+00
4.540e+00 4.099e+00
4.550e+00 4.100e+00
4.560e+00 4.100e+00
4.570e+00 4.101e+00
4.580e+00 4.102e+00
4.590e+00 4.103e+00
4.600e+00 4.104e+00
4.610e+00 4.105e+00
4.620e+00 4.106e+00
4.630e+00 4.107e+00
4.640e+00 4.108e+00
4.650e+00 4.109e+00
4.660e+00 4.110e+00
4.670e+00 4.110e+00
4.680e+00 4.111e+00
4.690e+00 4.112e+00
4.700e+00 4.113e+00
4.710e+00 4.114e+00
4.720e+00 4.115e+00
4.730e+00 4.116e+00
4.740e+00 4.117e+00
4.750e+00 4.118e+00
4.760e+00 4.119e+00
4.770e+00 4.119e+00
4.780e+00 4.120e+00
4.790e+00 4.121e+00
4.800e+00 4.122e+00
4.810e+00 4.123e+00
4.820e+00 4.124e+00
4.830e+00 4.125e+00
4.840e+00 4.126e+00
4.850e+00 4.127e+00
4.860e+00 4.127e+00
4.870e+00 4.128e+00
4.880e+00 4.129e+00
4.890e+00 4.130e+00
4.900e+00 4.131e+00
4.910e+00 4.132e+00
4.920e+00 4.133e+00
4.930e+00 4.134e+00
4.940e+00 4.134e+00
4.950e+00 4.135e+00
4.960e+00 4.136e+00
4.970e+00 4.137e+00
4.980e+00 4.138e+00
4.990e+00 4.139e+00
5.000e+00 4.140e+00
5.010e+00 4.141e+00
5.020e+00 4.141e+00
5.030e+00 4.142e+00
5.040e+00 4.143e+00
5.050e+00 4.144e+00
5.060e+00 4.145e+00
5.070e+00 4.146e+00
5.080e+00 4.147e+00
5.090e+00 4.147e+00
5.100e+00 4.148e+00
5.110e+00 4.149e+00
5.120e+00 4.150e+00
5.130e+00 4.151e+00
5.140e+00 4.152e+00
5.150e+00 4.153e+00
5.160e+00 4.153e+00
5.170e+00 4.154e+00
5.180e+00 4.155e+00
5.190e+00 4.156e+00
5.200e+00 4.157e+00
5.210e+00 4.158e+00
5.220e+00 4.159e+00
5.230e+00 4.159e+00
5.240e+00 4.160e+00
5.250e+00 4.161e+00
5.260e+00 4.162e+00
5.270e+00 4.163e+00
5.280e+00 4.164e+00
5.290e+00 4.164e+00
5.300e+00 4.165e+00
5.310e+00 4.166e+00
5.320e+00 4.167e+00
5.330e+00 4.168e+00
5.340e+00 4.169e+00
5.350e+00 4.169e+00
5.360e+00 4.170e+00
5.370e+00 4.171e+00
5.380e+00 4.172e+00
5.390e+00 4.173e+00
5.400e+00 4.174e+00
5.410e+00 4.174e+00
5.420e+00 4.175e+00
5.430e+00 4.176e+00
5.440e+00 4.177e+00
5.450e+00 4.178e+00
5.460e+00 4.179e+00
5.470e+00 4.179e+00
5.480e+00 4.180e+00
5.490e+00 4.181e+00
5.500e+00 4.182e+00
5.510e+00 4.183e+00
5.520e+00 4.183e+00
5.530e+00 4.184e+00
5.540e+00 4.185e+00
5.550e+00 4.186e+00
5.560e+00 4.187e+00
5.570e+00 4.188e+00
5.580e+00 4.188e+00
5.590e+00 4.189e+00
5.600e+00 4.190e+00
5.610e+00 4.191e+00
5.620e+00 4.192e+00
5.630e+00 4.192e+00
5.640e+00 4.193e+00
5.650e+00 4.194e+00
5.660e+00 4.195e+00
5.670e+00 4.196e+00
5.680e+00 4.196e+00
5.690e+00 4.197e+00
5.700e+00 4.198e+00
5.710e+00 4.199e+00
5.720e+00 4.200e+00
5.730e+00 4.200e+00
5.740e+00 4.201e+00
5.750e+00 4.202e+00
5.760e+00 4.203e+00
5.770e+00 4.204e+00
5.780e+00 4.204e+00
5.790e+00 4.205e+00
5.800e+00 4.206e+00
5.810e+00 4.207e+00
5.820e+00 4.208e+00
5.830e+00 4.208e+00
5.840e+00 4.209e+00
5.850e+00 4.210e+00
5.860e+00 4.211e+00
5.870e+00 4.211e+00
5.880e+00 4.212e+00
5.890e+00 4.213e+00
5.900e+00 4.214e+00
5.910e+00 4.215e+00
5.920e+00 4.215e+00
5.930e+00 4.216e+00
5.940e+00 4.217e+00
5.950e+00 4.218e+00
5.960e+00 4.218e+00
5.970e+00 4.219e+00
5.980e+00 4.220e+00
5.990e+00 4.221e+00
6.000e+00 4.222e+00
6.010e+00 4.222e+00
6.020e+00 4.223e+00
6.030e+00 4.224e+00
6.040e+00 4.225e+00
6.050e+00 4.225e+00
6.060e+00 4.226e+00
6.070e+00 4.227e+00
6.080e+00 4.228e+00
6.090e+00 4.228e+00
6.100e+00 4.229e+00
6.110e+00 4.230e+00
6.120e+00 4.231e+00
6.130e+00 4.232e+00
6.140e+00 4.232e+00
6.150e+00 4.233e+00
6.160e+00 4.234e+00
6.170e+00 4.235e+00
6.180e+00 4.235e+00
6.190e+00 4.236e+00
6.200e+00 4.237e+00
6.210e+00 4.238e+00
6.220e+00 4.238e+00
6.230e+00 4.239e+00
6.240e+00 4.240e+00
6.250e+00 4.241e+00
6.260e+00 4.241e+00
6.270e+00 4.242e+00
6.280e+00 4.243e+00
6.290e+00 4.244e+00
6.300e+00 4.244e+00
6.310e+00 4.245e+00
6.320e+00 4.246e+00
6.330e+00 4.247e+00
6.340e+00 4.247e+00
6.350e+00 4.248e+00
6.360e+00 4.249e+00
6.370e+00 4.250e+00
6.380e+00 4.250e+00
6.390e+00 4.251e+00
6.400e+00 4.252e+00
6.410e+00 4.253e+00
6.420e+00 4.253e+00
6.430e+00 4.254e+00
6.440e+00 4.255e+00
6.450e+00 4.255e+00
6.460e+00 4.256e+00
6.470e+00 4.257e+00
6.480e+00 4.258e+00
6.490e+00 4.258e+00
6.500e+00 4.259e+00
6.510e+00 4.260e+00
6.520e+00 4.261e+00
6.530e+00 4.261e+00
6.540e+00 4.262e+00
6.550e+00 4.263e+00
6.560e+00 4.264e+00
6.570e+00 4.264e+00
6.580e+00 4.265e+00
6.590e+00 4.266e+00
6.600e+00 4.266e+00
6.610e+00 4.267e+00
6.620e+00 4.268e+00
6.630e+00 4.269e+00
6.640e+00 4.269e+00
6.650e+00 4.270e+00
6.660e+00 4.271e+00
6.670e+00 4.272e+00
6.680e+00 4.272e+00
6.690e+00 4.273e+00
6.700e+00 4.274e+00
6.710e+00 4.274e+00
6.720e+00 4.275e+00
6.730e+00 4.276e+00
6.740e+00 4.277e+00
6.750e+00 4.277e+00
6.760e+00 4.278e+00
6.770e+00 4.279e+00
6.780e+00 4.279e+00
6.790e+00 4.280e+00
6.800e+00 4.281e+00
6.810e+00 4.282e+00
6.820e+00 4.282e+00
6.830e+00 4.283e+00
6.840e+00 4.284e+00
6.850e+00 4.284e+00
6.860e+00 4.285e+00
6.870e+00 4.286e+00
6.880e+00 4.286e+00
6.890e+00 4.287e+00
6.900e+00 4.288e+00
6.910e+00 4.289e+00
6.920e+00 4.289e+00
6.930e+00 4.290e+00
6.940e+00 4.291e+00
6.950e+00 4.291e+00
6.960e+00 4.292e+00
6.970e+00 4.293e+00
6.980e+00 4.293e+00
6.990e+00 4.294e+00
7.000e+00 4.295e+00
7.010e+00 4.296e+00
7.020e+00 4.296e+00
7.030e+00 4.297e+00
7.040e+00 4.298e+00
7.050e+00 4.298e+00
7.060e+00 4.299e+00
7.070e+00 4.300e+00
7.080e+00 4.300e+00
7.090e+00 4.301e+00
7.100e+00 4.302e+00
7.110e+00 4.302e+00
7.120e+00 4.303e+00
7.130e+00 4.304e+00
7.140e+00 4.305e+00
7.150e+00 4.305e+00
7.160e+00 4.306e+00
7.170e+00 4.307e+00
7.180e+00 4.307e+00
7.190e+00 4.308e+00
7.200e+00 4.309e+00
7.210e+00 4.309e+00
7.220e+00 4.310e+00
7.230e+00 4.311e+00
7.240e+00 4.311e+00
7.250e+00 4.312e+00
7.260e+00 4.313e+00
7.270e+00 4.313e+00
7.280e+00 4.314e+00
7.290e+00 4.315e+00
7.300e+00 4.315e+00
7.310e+00 4.316e+00
7.320e+00 4.317e+00
7.330e+00 4.317e+00
7.340e+00 4.318e+00
7.350e+00 4.319e+00
7.360e+00 4.319e+00
7.370e+00 4.320e+00
7.380e+00 4.321e+00
7.390e+00 4.321e+00
7.400e+00 4.322e+00
7.410e+00 4.323e+00
7.420e+00 4.324e+00
7.430e+00 4.324e+00
7.440e+00 4.325e+00
7.450e+00 4.326e+00
7.460e+00 4.326e+00
7.470e+00 4.327e+00
7.480e+00 4.328e+00
7.490e+00 4.328e+00
7.500e+00 4.329e+00
7.510e+00 4.329e+00
7.520e+00 4.330e+00
7.530e+00 4.331e+00
7.540e+00 4.331e+00
7.550e+00 4.332e+00
7.560e+00 4.333e+00
7.570e+00 4.333e+00
7.580e+00 4.334e+00
7.590e+00 4.335e+00
7.600e+00 4.335e+00
7.610e+00 4.336e+00
7.620e+00 4.337e+00
7.630e+00 4.337e+00
7.640e+00 4.338e+00
7.650e+00 4.339e+00
7.660e+00 4.339e+00
7.670e+00 4.340e+00
7.680e+00 4.341e+00
7.690e+00 4.341e+00
7.700e+00 4.342e+00
7.710e+00 4.343e+00
7.720e+00 4.343e+00
7.730e+00 4.344e+00
7.740e+00 4.345e+00
7.750e+00 4.345e+00
7.760e+00 4.346e+00
7.770e+00 4.347e+00
7.780e+00 4.347e+00
7.790e+00 4.348e+00
7.800e+00 4.348e+00
7.810e+00 4.349e+00
7.820e+00 4.350e+00
7.830e+00 4.350e+00
7.840e+00 4.351e+00
7.850e+00 4.352e+00
7.860e+00 4.352e+00
7.870e+00 4.353e+00
7.880e+00 4.354e+00
7.890e+00 4.354e+00
7.900e+00 4.355e+00
7.910e+00 4.356e+00
7.920e+00 4.356e+00
7.930e+00 4.357e+00
7.940e+00 4.357e+00
7.950e+00 4.358e+00
7.960e+00 4.359e+00
7.970e+00 4.359e+00
7.980e+00 4.360e+00
7.990e+00 4.361e+00
8.000e+00 4.361e+00
8.010e+00 4.362e+00
8.020e+00 4.363e+00
8.030e+00 4.363e+00
8.040e+00 4.364e+00
8.050e+00 4.364e+00
8.060e+00 4.365e+00
8.070e+00 4.366e+00
8.080e+00 4.366e+00
8.090e+00 4.367e+00
8.100e+00 4.368e+00
8.110e+00 4.368e+00
8.120e+00 4.369e+00
8.130e+00 4.369e+00
8.140e+00 4.370e+00
8.150e+00 4.371e+00
8.160e+00 4.371e+00
8.170e+00 4.372e+00
8.180e+00 4.373e+00
8.190e+00 4.373e+00
8.200e+00 4.374e+00
8.210e+00 4.374e+00
8.220e+00 4.375e+00
8.230e+00 4.376e+00
8.240e+00 4.376e+00
8.250e+00 4.377e+00
8.260e+00 4.378e+00
8.270e+00 4.378e+00
8.280e+00 4.379e+00
8.290e+00 4.379e+00
8.300e+00 4.380e+00
8.310e+00 4.381e+00
8.320e+00 4.381e+00
8.330e+00 4.382e+00
8.340e+00 4.383e+00
8.350e+00 4.383e+00
8.360e+00 4.384e+00
8.370e+00 4.384e+00
8.380e+00 4.385e+00
8.390e+00 4.386e+00
8.400e+00 4.386e+00
8.410e+00 4.387e+00
8.420e+00 4.387e+00
8.430e+00 4.388e+00
8.440e+00 4.389e+00
8.450e+00 4.389e+00
8.460e+00 4.390e+00
8.470e+00 4.391e+00
8.480e+00 4.391e+00
8.490e+00 4.392e+00
8.500e+00 4.392e+00
8.510e+00 4.393e+00
8.520e+00 4.394e+00
8.530e+00 4.394e+00
8.540e+00 4.395e+00
8.550e+00 4.395e+00
8.560e+00 4.396e+00
8.570e+00 4.397e+00
8.580e+00 4.397e+00
8.590e+00 4.398e+00
8.600e+00 4.398e+00
8.610e+00 4.399e+00
8.620e+00 4.400e+00
8.630e+00 4.400e+00
8.640e+00 4.401e+00
8.650e+00 4.401e+00
8.660e+00 4.402e+00
8.670e+00 4.403e+00
8.680e+00 4.403e+00
8.690e+00 4.404e+00
8.700e+00 4.404e+00
8.710e+00 4.405e+00
8.720e+00 4.406e+00
8.730e+00 4.406e+00
8.740e+00 4.407e+00
8.750e+00 4.407e+00
8.760e+00 4.408e+00
8.770e+00 4.409e+00
8.780e+00 4.409e+00
8.790e+00 4.410e+00
8.800e+00 4.410e+00
8.810e+00 4.411e+00
8.820e+00 4.412e+00
8.830e+00 4.412e+00
8.840e+00 4.413e+00
8.850e+00 4.413e+00
8.860e+00 4.414e+00
8.870e+00 4.415e+00
8.880e+00 4.415e+00
8.890e+00 4.416e+00
8.900e+00 4.416e+00
8.910e+00 4.417e+00
8.920e+00 4.417e+00
8.930e+00 4.418e+00
8.940e+00 4.419e+00
8.950e+00 4.419e+00
8.960e+00 4.420e+00
8.970e+00 4.420e+00
8.980e+00 4.421e+00
8.990e+00 4.422e+00
9.000e+00 4.422e+00
9.010e+00 4.423e+00
9.020e+00 4.423e+00
9.030e+00 4.424e+00
9.040e+00 4.425e+00
9.050e+00 4.425e+00
9.060e+00 4.426e+00
9.070e+00 4.426e+00
9.080e+00 4.427e+00
9.090e+00 4.427e+00
9.100e+00 4.428e+00
9.110e+00 4.429e+00
9.120e+00 4.429e+00
9.130e+00 4.430e+00
9.140e+00 4.430e+00
9.150e+00 4.431e+00
9.160e+00 4.431e+00
9.170e+00 4.432e+00
9.180e+00 4.433e+00
9.190e+00 4.433e+00
9.200e+00 4.434e+00
9.210e+00 4.434e+00
9.220e+00 4.435e+00
9.230e+00 4.436e+00
9.240e+00 4.436e+00
9.250e+00 4.437e+00
9.260e+00 4.437e+00
9.270e+00 4.438e+00
9.280e+00 4.438e+00
9.290e+00 4.439e+00
9.300e+00 4.440e+00
9.310e+00 4.440e+00
9.320e+00 4.441e+00
9.330e+00 4.441e+00
9.340e+00 4.442e+00
9.350e+00 4.442e+00
9.360e+00 4.443e+00
9.370e+00 4.444e+00
9.380e+00 4.444e+00
9.390e+00 4.445e+00
9.400e+00 4.445e+00
9.410e+00 4.446e+00
9.420e+00 4.446e+00
9.430e+00 4.447e+00
9.440e+00 4.447e+00
9.450e+00 4.448e+00
9.460e+00 4.449e+00
9.470e+00 4.449e+00
9.480e+00 4.450e+00
9.490e+00 4.450e+00
9.500e+00 4.451e+00
9.510e+00 4.451e+00
9.520e+00 4.452e+00
9.530e+00 4.453e+00
9.540e+00 4.453e+00
9.550e+00 4.454e+00
9.560e+00 4.454e+00
9.570e+00 4.455e+00
9.580e+00 4.455e+00
9.590e+00 4.456e+00
9.600e+00 4.456e+00
9.610e+00 4.457e+00
9.620e+00 4.458e+00
9.630e+00 4.458e+00
9.640e+00 4.459e+00
9.650e+00 4.459e+00
9.660e+00 4.460e+00
9.670e+00 4.460e+00
9.680e+00 4.461e+00
9.690e+00 4.461e+00
9.700e+00 4.462e+00
9.710e+00 4.463e+00
9.720e+00 4.463e+00
9.730e+00 4.464e+00
9.740e+00 4.464e+00
9.750e+00 4.465e+00
9.760e+00 4.465e+00
9.770e+00 4.466e+00
9.780e+00 4.466e+00
9.790e+00 4.467e+00
9.800e+00 4.468e+00
9.810e+00 4.468e+00
9.820e+00 4.469e+00
9.830e+00 4.469e+00
9.840e+00 4.470e+00
9.850e+00 4.470e+00
9.860e+00 4.471e+00
9.870e+00 4.471e+00
9.880e+00 4.472e+00
9.890e+00 4.473e+00
9.900e+00 4.473e+00
9.910e+00 4.474e+00
9.920e+00 4.474e+00
9.930e+00 4.475e+00
9.940e+00 4.475e+00
9.950e+00 4.476e+00
9.960e+00 4.476e+00
9.970e+00 4.477e+00
9.980e+00 4.477e+00
9.990e+00 4.478e+00
1.000e+01 4.479e+00
