2.64146e-05 132.69070863384616
0.000158051 311.49492440000006
0.000185395 324.9235282
0.000260591 339.10298537538466
0.000339068 334.573523243077
0.000353812 332.65675623076925
0.000427319 320.8091263292308
0.000466978 313.4347849907693
0.000469676 312.91861230461535
0.000470026 312.8518281723077
0.00061107 285.51839353538463
0.000639132 280.26990971692305
0.000649798 278.3025864923077
0.000679693 272.8818370615385
0.000760675 258.99385829538465
0.000771088 257.2930474492308
0.000784798 255.0829295753846
0.000894942 238.4324595046154
0.000896384 238.22648975076928
0.0010991 212.4740290123077
0.00112142 210.0148749815385
0.00112552 209.57047963384616
0.00119717 202.16118585230768
0.00121803 200.11521963076922
0.00135368 187.77138986769233
0.00154015 172.99586870769232
0.00154403 172.71250425846156
0.00165975 164.6640800892308
0.00167363 163.7515716646154
0.00189923 150.44967047076923
0.0019352 148.56348684615386
0.0019372 148.45987781846154
0.00198484 146.0469109446154
0.00198709 145.93518795692307
0.00208139 141.41196733230768
0.00209385 140.83650032307693
0.00226153 133.51958085538462
0.00226427 133.4059854153846
0.00241641 127.38105804000001
0.00259753 120.88864173846153
0.00261027 120.45922600923078
0.00274634 116.08392911692309
0.00275917 115.69133828307693
0.00283043 113.57421887384616
0.0028548 112.87329756
0.00292034 111.04515995692309
0.00296445 109.85615274153845
0.00300298 108.84315604307692
0.00301469 108.53981876923079
0.00324436 102.95366938461538
0.00331403 101.37831284307693
0.00342018 99.0714516
0.00351719 97.05357216307692
0.00373656 92.77751524307693
0.00373811 92.74880430769231
0.00387967 90.1904103046154
0.00402991 87.63451290461539
0.00404444 87.39608731076923
0.00420937 84.78713709538462
0.0042475 84.20979763384615
0.00426612 83.93142639076923
0.00427764 83.76040908
0.00437592 82.33484872307693
0.00441787 81.74565039692308
0.00459665 79.35078389538462
0.00472391 77.75170962461539
0.00479899 76.84481855692307
0.00482412 76.54647448923077
0.0050236 74.27269323692308
0.00505881 73.88696806153847
0.00520651 72.31473227384616
0.00521815 72.19364702461539
0.00564376 68.04491686153847
0.00566202 67.87764445538463
0.0059307 65.51024058769231
0.00597526 65.13325352307693
0.006234 63.03298618461539
0.00624936 62.91314923692308
0.00632738 62.30984510338462
0.00634943 62.141574056
0.00662629 60.11008813230769
0.0067485 59.25930821876923
0.00696977 57.786624478769234
0.00698802 57.66890964369231
0.00759552 54.045402352923084
0.00779714 52.95388748769231
0.00817359 51.039242588
0.00838127 50.04584422369231
0.00884829 47.95912095692308
0.00916278 46.658515584
0.00938691 45.77846299938462
0.00947716 45.43455592553846
0.00951309 45.29917762369231
0.00964494 44.81034274123076
0.0099154 43.84403252030769
0.00996256 43.68038018861539
0.0105449 41.77035400461539
0.0106738 41.37426792646154
0.0112826 39.62177739661539
0.0112892 39.6036770243077
0.0114952 39.053113630769225
0.0116659 38.611090056
0.0127726 36.01125244184616
0.013004 35.51698744769231
0.0131442 35.2245728123077
0.0138416 33.84132987753846
0.0139215 33.68978607076923
0.014281 33.024378935692305
0.0145793 32.49129176369231
0.0147553 32.18489615107692
0.014961 31.83399858861539
0.0160186 30.1492908323077
0.0164467 29.520958252923077
0.0172929 28.364718952923077
0.0176654 27.890426783384616
0.0177624 27.77015293015385
0.0181225 27.33561916461539
0.0195966 25.719630408
0.0196041 25.712015768615384
0.0200029 25.312996181846156
0.021699 23.756488993538465
0.0236264 22.20890716123077
0.02454 21.544935572923077
0.0255817 20.837959996615385
0.0264912 20.262118496923076
0.0266452 20.168308636307692
0.0267272 20.118813480307693
0.0272095 19.83370140892308
0.0275762 19.623737090153845
0.0281023 19.332383511076927
0.0306601 18.062798431384618
0.0308624 17.97104826830769
0.0317765 17.569656908615386
0.0319707 17.48695693169231
0.0320038 17.472913539384617
0.0330424 17.04537026246154
0.0339184 16.701650433846154
0.0345801 16.451490805538462
0.0347471 16.389512634153846
0.0356692 16.05571680276923
0.0357949 16.011277268
0.0368409 15.65076778369231
0.0375056 15.430192901846155
0.0388996 14.988418987384616
0.0394877 14.810223942769229
0.0395293 14.797803342461542
0.0404112 14.539779414461538
0.0404823 14.519369684307692
0.0411562 14.329752680615384
0.0419867 14.10412217753846
0.0430858 13.818760445846154
0.0443483 13.50911924923077
0.0464149 13.041131002461539
0.0471176 12.891709308307693
0.0488192 12.547552574153848
0.0505449 12.220684816307692
0.0511176 12.116638883076924
0.0511624 12.108587338153846
0.0513344 12.077754290153846
0.0514626 12.054910372
0.0531801 11.757939436000001
0.061269 10.550082867384617
0.0628809 10.34142926523077
0.0635321 10.259852759692308
0.0637269 10.235698124923077
0.0638652 10.218658808923077
0.0644315 10.149627733846154
0.0685607 9.678581148307691
0.0691311 9.617788863384614
0.0712904 9.396402585538462
0.0738107 9.15435691723077
0.0756429 8.988270397538463
0.0774796 8.832357535384617
0.0787989 7.461909691384616
0.079785 6.931756028
0.0805272 6.867218838461539
0.0819966 7.197144935076924
0.0829937 8.077197519692309
0.0834169 6.495599470461539
0.0842463 7.507535112615385
0.0844334 5.8914152843384615
0.0882321 5.823688684369231
0.0889484 5.74625029843077
0.0923598 5.428282930553847
0.0923914 6.692893528615385
0.0933347 8.265378976615386
0.0934484 4.947449660953846
0.0944724 4.8051744931076925
0.0947715 5.806462123138462
0.0950054 5.589245172430769
0.095824 5.177780019323077
0.0971664 5.527941083876923
0.0978925 6.745946344
0.100631 5.623105351661539
0.102873 4.4701740507384615
0.106396 4.919344151815385
0.106851 5.499860540769231
0.109571 6.504462411384616
0.10974 4.274771169415385
0.110771 4.6440749380615385
0.113695 4.571130437661539
0.118846 3.8840902369230768
0.119573 4.808850741138462
0.122087 4.092475454246154
0.122752 8.448130321846154
0.123946 3.4239538068307693
0.124315 5.0262112465230775
0.126119 4.216107238615384
0.126764 3.8668824002153843
0.127912 4.229364200953846
0.130226 3.4656970102769233
0.132437 4.616013119476923
0.133515 3.2566189856000003
0.134324 5.640619022246154
0.134464 3.7712250533230773
0.136035 3.279356798123077
0.138924 3.420240109753846
0.139363 5.5069134444615395
0.140011 3.745316554892308
0.146138 3.1737567294769233
0.14675 4.53126592803077
0.151104 2.9660643195076926
0.152611 2.901608269569231
0.153786 2.7226330364923075
0.155006 4.395038781138462
0.156502 3.521664609753846
0.157857 3.5299283659384613
0.157905 5.357916172830769
0.16329 2.915058718646154
0.163421 2.977779629446154
0.164961 2.824251023230769
0.165752 3.8965607692923077
0.165849 3.7687783823076924
0.169928 5.463335237753847
0.171644 4.18934365363077
0.177148 3.6973193607384616
0.18071 2.810632053446154
0.183322 3.024266378738462
0.184539 2.752685896030769
0.185469 3.2001458240000002
0.185616 3.172102729938462
0.191645 3.316212901046154
0.19207 2.6131694745846152
0.195034 2.9504543087692308
0.196105 3.7390313566461537
0.198528 3.071358554276923
0.204317 2.6992710732
0.210864 3.5879931120000004
0.215872 2.6034077565538465
0.220974 2.430230884123077
0.223682 2.8738148358153848
0.235885 2.966014387446154
0.237729 2.746069897876924
0.237914 2.523416593969231
0.238752 3.629286926892308
0.239398 2.221989221476923
0.240814 4.641927859415385
0.241948 2.313140199815385
0.243031 3.2484238860000003
0.243972 3.5577592487384617
0.250748 3.212984605323077
0.256689 2.535250492553846
0.259676 2.4536240549538464
0.261327 2.188540981753846
0.263204 2.4676861717846155
0.267256 2.831328892953846
0.271718 1.8837619196307693
0.274184 2.9153083789538465
0.283481 2.1391768974153846
0.290759 2.6193797747384617
0.300502 2.1943393424
0.307952 2.229897211723077
0.308385 2.203782743538462
0.310601 2.1957624061538463
0.314665 2.451090002830769
0.316741 2.5515283446153845
0.321506 1.731962211046154
0.323149 1.9047583515076927
0.328404 2.4307926198153846
0.341306 2.4144960432307694
0.34142 3.0984716636923073
0.351152 3.3328028284923077
0.357052 2.467754828369231
0.359325 1.9707685368615384
0.364849 2.304551885230769
0.368761 1.6303130167692308
0.370906 2.6960379722153847
0.374258 2.0379583671692307
0.374863 1.8339734127692306
0.385591 2.0834589582461542
0.392042 1.8621101294461537
0.407299 2.3016183766153846
0.41132 1.7620587611384617
0.413449 1.8033962665846157
0.416709 1.6284655304923077
0.430818 1.9511077876307692
0.434999 1.8538588562769234
0.43876 2.9256505572
0.445602 1.783186264676923
0.452126 2.1216881928615385
0.455853 1.8498081177846155
0.466359 1.3941905392615386
0.468358 2.1484018457846155
0.476191 2.1957187156
0.48281 1.8539462373846156
0.483157 1.4943792207384619
0.485094 1.977821440553846
0.489631 1.4321576305538462
0.49013 1.741661514
0.492458 1.2964422872923078
0.496316 1.2392014202461539
0.500778 1.0879135152923076
0.502703 1.871072934492308
0.505044 1.5215360207076924
0.507433 1.6491374039692308
0.514868 1.6773240527076922
0.516414 1.9843188500615387
0.518754 1.4194624039076924
0.52124 2.6732065370769234
0.522359 1.472159453353846
0.529221 1.3299903911384616
0.530408 1.706159818246154
0.53172 1.9468385963692307
0.532446 1.5474819681846155
0.533042 1.8143251465538461
0.536638 1.9419327713230772
0.537052 1.389309680246154
0.538107 1.4902098936000003
0.545935 1.6066951516615384
0.550402 1.6226047547692308
0.55397 1.5757747225538463
0.561154 1.3613102767384617
0.567338 2.3215974427384616
0.56773 1.7874679389538461
0.570837 1.7541570124000003
0.57618 1.049153752523077
0.576701 1.1850500995076922
0.583771 1.4072977054153848
0.586345 1.319548348769231
0.594971 2.0385388273846154
0.601224 1.327643584246154
0.603632 2.197953175353846
0.609867 1.7529211938769231
0.613827 2.0447491275384615
0.618983 1.6574822997538463
0.622536 2.237362054923077
0.626793 1.5921025066769232
0.632811 1.3050805339384617
0.644239 2.004347848246154
0.648367 1.795737936646154
0.657305 1.8509440721846153
0.660197 8.11414724523077
0.663169 2.1559478285846154
0.672425 1.4404338697538464
0.681851 1.2922916846769232
0.68285 1.5255118611076923
0.690877 2.7325507922153847
0.694828 1.7404319369846155
0.70586 1.3372242985538463
0.722746 2.2833494836
0.737732 1.7001742123692307
0.745775 1.276875160676923
0.749369 2.8791762909230774
0.770937 1.5763676657846155
0.77196 1.9189140909538462
0.775904 3.292420273723077
0.779448 2.6898588796000005
0.779608 1.7194604711384616
0.785654 1.3544071692307695
0.789581 1.5831397016307693
0.802504 2.5587060784615385
0.811808 1.2114828845846153
0.817088 1.9261604813846156
0.821252 1.3619157029846154
0.831238 1.4718661024923079
0.840871 1.2320736184615386
0.84248 1.8597321150153847
0.849097 1.1766615131692308
0.857546 1.3092623440923077
0.857575 1.3794917886461537
0.870496 1.617942348523077
0.886737 2.1549367043384615
0.903304 1.6589615370769233
0.904582 1.4380184062769232
0.929707 1.4546208167384616
0.945062 1.6967975567076923
0.968552 1.7839352456000002
0.990404 2.049305428153846
1.03232 1.7618465498769231
1.05182 1.3859954396615384
1.05296 1.7735681013230769
1.05761 1.5434374712
1.0811 1.5669180231384616
1.11726 1.5931760460000002
1.1346 1.9204994339076924
1.13737 2.0442997389846154
1.20181 1.6168376016615384
1.21718 1.9190826116615385
1.30414 1.7951075443692308
1.31108 1.3913881023076924
1.35468 2.035018617046154
1.37406 1.6146717984923078
1.37452 1.598487569046154
1.38628 2.2331115881846153
1.43373 1.7142925027692306
1.44954 1.4764161616000002
1.51151 1.653032104769231
1.56347 1.362514887723077
1.5686 1.5419083018153847
1.61019 1.5781277709538462
1.62262 1.3939783280000002
1.65902 1.9421449825846153
1.70477 1.8593825905846155
1.73677 1.5365655712307693
1.74372 1.5980381804923076
1.76338 1.4438417329538462
1.78802 1.4630406106153846
1.87578 2.0828535319999997
1.91288 1.6370663280923077
1.9414 1.5524377252923078
1.95853 1.611613459723077
2.02321 1.7636565871076926
2.08817 1.630868510953846
2.08948 1.3764584159076925
2.09047 1.375172665323077
2.13008 1.5022996940000002
2.16684 1.5479126322153847
2.25139 1.479056319353846
2.25555 1.5309357312923078
2.25846 2.1659030333538465
2.28771 1.5235832352307692
2.31349 1.443573348123077
2.39049 1.273667025723077
2.39744 1.246079561723077
2.46538 1.5170171691384617
2.47287 1.592845246092308
2.50423 2.2972118721846155
2.53299 2.258645596153846
2.55935 1.573190738369231
2.56143 1.4711670536307693
2.6491 1.4436607292307693
2.67623 1.657557197846154
2.69005 1.3537892599692307
2.69099 1.4833255106153849
2.90013 1.9480057583076926
2.98059 2.220297772892308
2.98813 2.5009034757230766
3.01631 1.424624130769231
3.07806 1.6961921304615386
3.17536 1.5334011268307692
3.20902 1.304681077446154
3.23917 2.014496539753846
3.36572 1.8649812229846157
3.38311 1.4540965300923079
3.42172 1.8477796277846152
3.5452 1.6779419619692308
3.70437 1.3115217698769233
3.72944 1.8974869950461541
3.85085 1.278310707446154
3.85644 1.4075910562769232
3.89577 2.1946077272307694
3.99405 1.2792718996307693
4.00704 1.4582970647692308
4.12039 5.806824130584616
4.14848 1.4871827623692306
4.15613 1.5286201319384616
4.18236 1.492338247723077
4.2472 1.562055888646154
4.26655 1.7836106871999997
4.27916 1.529032071446154
4.3249 1.2902631946769232
4.35972 1.539261902553846
4.42054 1.4071853582769231
4.47158 1.3267635316615387
4.50607 1.618223216369231
4.51167 1.4414325109846156
4.52863 2.0405423513538463
4.60585 1.2962737665846156
4.62365 1.8471804430461538
4.68275 1.4965824729538464
4.71255 1.7092930551076924
4.71566 1.538063533076923
4.72285 1.3386910528615383
4.80416 1.504509187723077
4.84975 1.3014916670153847
4.85448 1.5353297527076926
4.86996 1.4988606232615385
4.87394 1.374417442892308
4.92185 1.226805785969231
5.02109 2.0064262703076925
5.02542 1.3242294795384615
5.04415 1.5860232781846155
5.19192 2.0279220228
5.2016 1.4070230790769234
5.22984 1.5491671752615384
5.23371 1.8076342503076923
5.25481 2.093326781907692
5.36117 1.3175510663076921
5.4069 1.2291962834153847
5.50634 2.2102177379692307
5.58403 1.457448219723077
5.66974 1.8138757580000002
5.7521 2.0412726077538466
5.7924 1.5274155209538463
5.92642 1.4777268782153847
5.9667 1.3799162111692307
6.16067 2.0499420619384616
6.25215 1.5787768877538464
6.52471 1.5702072976923076
6.59712 1.7310322264000002
6.71422 1.622586030246154
6.86259 1.5761304884923077
6.87646 1.658468457969231
7.01488 1.4170157328923079
7.05719 1.6393382368923077
7.15981 1.4602568981846156
7.3479 1.9305482612923075
7.40874 1.6212128985538463
7.46248 1.674415510123077
7.4744 1.874018926123077
7.56983 1.8500577780923078
7.79525 1.363975400523077
8.14664 1.6979210280923076
8.38368 1.5051520630153847
8.56004 1.937569957446154
9.2787 1.8176705946769234
9.29793 1.8608243788615384
9.30429 1.6418161154461541
9.32138 1.6720312541846154
9.32247 1.5296687052307694
9.32747 1.7065779992615384
9.36604 1.6374907506153846
9.50205 1.2835785399384614
9.50205 1.483213163476923
9.50205 1.4839309368615385
9.50205 1.6250514257846154
9.50205 1.6332278008615386
9.50205 1.8898099405846156
9.50205 2.034756473723077
