400 8.1558
600 22.4828
800 39.4186
1000 58.5884
1200 78.0186
1400 98.2836
1600 119.014
1800 140.153
2000 160.896
2200 182.245
2400 203.02
2600 225.875
2800 245.952
3000 268.793
3200 291.392
3400 310.894
3600 330.664
3800 353.902
4000 375.725
4200 396.176
4400 417.154
4600 441.964
4800 459.864
5000 481.881
5200 504.986
5400 524.143
5600 546.335
5800 567.821
6000 589.683
6200 608.949
6400 631.795
6600 654.925
6800 673.184
7000 695.583
7200 715.802
7400 740.393
7600 757.959
7800 784.186
8000 800.994
