400 24.0411 563.693
600 29.3874 850.287
800 33.8332 1135.79
1000 38.3979 1422.47
1200 42.164 1707.23
1400 45.2671 1994.24
1600 49.0033 2281.13
1800 51.7965 2565.11
2000 54.6774 2850.96
2200 59.4708 3139.09
2400 59.4378 3423.49
2600 61.4568 3709.68
2800 65.9176 3994.68
3000 67.8671 4280.7
3200 67.3453 4565.5
3400 73.8455 4852.49
3600 75.7381 5138.64
3800 76.7674 5426.71
4000 77.7596 5711.1
4200 79.4675 5993.4
4400 81.5381 6282.71
4600 84.4312 6573
4800 82.9866 6847.67
5000 88.0813 7137.39
5200 87.2687 7421.85
5400 92.6449 7709.15
5600 91.8448 7999.59
5800 92.1718 8278.95
6000 94.5152 8567.05
6200 91.9387 8853.87
6400 97.7753 9140.73
6600 100.75 9421.03
6800 98.8378 9713.02
7000 102.248 9998.86
7200 103.857 10277.1
7400 108.226 10564.8
7600 107.146 10851.5
7800 101.984 11137.5
8000 110.81 11423.5
